1.0 0.9117368339994137 0.4522811018072669 0.12067964535838449 0.164235241464377
0.0 0.7830373528013836 0.4507009876172944 0.07277926290159797 0.08758919407262405
1.0 0.4803524545118395 0.37698611105039015 0.07208215326369305 0.13689625506882913
1.0 0.6787138316603086 0.44260364189884827 0.051251745741226706 0.08646865749191185
1.0 0.13561845736780592 0.29928980122779847 0.09489940070951779 0.10638285961444469
1.0 0.5893694042293137 0.44893024482897426 0.06726170693801414 0.1032903201270392
4.0 0.6682487283943266 0.5527024545627024 0.10992835440023352 0.18407460936049352
4.0 0.7769943039876938 0.589397345995867 0.07924813045652535 0.2003957060311578
3.0 0.7601601300866758 0.6399032888822176 0.16158873429333032 0.4629761496125827
4.0 0.46010456482684325 0.5478579116174669 0.13893062144549456 0.27793071251471635
3.0 0.6607217412981463 0.612605247138546 0.1704576410037154 0.4570975462516742
4.0 0.8849031472525135 0.6913507760620774 0.20590859076087142 0.3927841104742322
4.0 0.5671369894012992 0.6559215422658145 0.15060826391352233 0.34579992453655156
3.0 0.8585311889626475 0.6863589762144839 0.2829376220747052 0.6272820475710322
3.0 0.44274255201075174 0.631756955062942 0.17958082465549258 0.6290337772485808
4.0 0.12479470996603005 0.5307404828918862 0.2325153649839157 0.3751482900624138
3.0 0.12907152390367715 0.5323650793881045 0.2581430478073543 0.6285260683010488
3.0 0.5455073522417405 0.6902129867653806 0.20881693817706792 0.6195740264692388
