0 0.5674823503072174 0.1333318598693002 0.07246950271240205 0.09110018305854313
1 0.9354000097297672 0.1830937523549594 0.05566936474699924 0.07582162509254983
0 0.12740509249933923 0.18361896955205267 0.05475748529291427 0.06708832330969139
2 0.37496199712231926 0.2259727293367023 0.13312716777373546 0.16577740903131405
3 0.382991074952742 0.25976156450387744 0.22394785699731717 0.44399603765214396
2 0.5783113039375707 0.27241709119423235 0.10907506642321474 0.17774243485517294
3 0.19330134292851575 0.26963751768871225 0.19978630195332361 0.2592504438968826
2 0.8801086080046154 0.30714618451419734 0.10164325754054515 0.1850625573486863
3 0.5762232772751766 0.319079144199529 0.16491021386468113 0.4565008340434942
3 0.8348372966864952 0.3367469165068885 0.27852690836917593 0.39903167351383084
0 0.2993188046409605 0.06565382570305367 0.056705007418670184 0.09825233545982599
