2.0 0.8535516940990109 0.39553243769859414 0.1446551603129661 0.345431127664719
2.0 0.20562363258815353 0.6060158697776943 0.2665239372807283 0.562241147004529
3.0 0.2170903813908153 0.5670789583075031 0.3274051760176024 0.8658420833849937
3.0 0.6851920209359204 0.5054103541962668 0.31372040786555566 0.9456359323331192
3.0 0.8710224042782949 0.4840489752171396 0.2365713027556735 0.8044607667831755
2.0 0.7075518730974937 0.5344779543928235 0.23231187028950206 0.5422464605741875
1.0 0.20854500425929623 0.21358377406824336 0.14279024794068806 0.15391507522244233
0.0 0.6200629087691016 0.14010374477904927 0.1669886540221659 0.1861101136129169
1.0 0.11673145328872986 0.26394649966922107 0.08615068966625433 0.11906591323691271
1.0 0.8735524557796052 0.1538305853607747 0.09742921066713706 0.11925168809461814
