0.0 0.764843761920929 0.28333333134651184 0.11874997615814209 0.10833334922790527
1.0 0.26953125 0.4340277910232544 0.035937488079071045 0.0486111044883728
0.0 0.626171886920929 0.4506944417953491 0.05703127384185791 0.0763888955116272
1.0 0.4332031309604645 0.46388888359069824 0.03671872615814209 0.04166668653488159
1.0 0.505078136920929 0.48055557906627655 0.03515625 0.05277779698371887
3.0 0.7515624761581421 0.5694444328546524 0.1796875 0.7194444835186005
2.0 0.2660156190395355 0.581944465637207 0.05859375 0.1805555820465088
2.0 0.50390625 0.5916666388511658 0.046875 0.14444446563720703
2.0 0.4339843690395355 0.6027777791023254 0.06484377384185791 0.18611109256744385
2.0 0.6117187738418579 0.6520833373069763 0.07968747615814209 0.2597222328186035
3.0 0.5136718899011612 0.6666666865348816 0.06328126788139343 0.4472222328186035
3.0 0.26640623062849045 0.675000011920929 0.07187499105930328 0.5277777910232544
3.0 0.43242186307907104 0.6902777552604675 0.07265627384185791 0.5
3.0 0.6070312261581421 0.7104166746139526 0.10312497615814209 0.5791666507720947
2.0 0.7464843988418579 0.7201389074325562 0.1664062738418579 0.4930555820465088
