3 0.10647702488109545 0.8368564536020586 0.11762252055175698 0.32628709279588286
3 0.1962993047447159 0.8389335207370081 0.19404847547241955 0.32213295852598367
0 0.40184125672145976 0.863922743166033 0.09815017355618433 0.13060090074980435
0 0.38734930985097976 0.9185944095895143 0.15564767313331374 0.16281118082097135
0 0.5493680456752955 0.9697002042996774 0.13344236703924528 0.06059959140064508
0 0.24938070142866356 0.3495491566834025 0.08518273156746009 0.09473491482949414
0 0.5091415165619986 0.3247400032648364 0.12043977915018844 0.15951683748709614
0 0.36495256781581675 0.3589726709662653 0.0904276829303522 0.1026565052575999
1 0.7299040474021227 0.31780233294984495 0.1028415722958318 0.1654997157430586
3 0.44857508083219055 0.35178905036546787 0.03297933390827085 0.08644161543837403
1 0.6753693060440962 0.3526526896135994 0.055691911378 0.15195014729306683
0 0.017345028288352778 0.46681808232166944 0.034690056576705555 0.0725897282707601
3 0.5906787949990178 0.42024402840329594 0.12776513841252657 0.23638270150310692
3 0.6743969145650202 0.4197062150967086 0.08229587711179487 0.331197200287005
3 0.23954374368506917 0.5160144118836651 0.15778549914987255 0.44453266942076125
3 0.784893165016037 0.4877867453233441 0.2253962093023676 0.507979499103655
3 0.3537216836545699 0.5603652022202716 0.14099556728860718 0.5229654772188904
1 0.9506433735438464 0.5046967526137895 0.09871325291230704 0.17737776078069223
3 0.49212648408560145 0.5948578899723971 0.18422696008182782 0.7056174528792234
3 0.9263108563451745 0.6055001611550385 0.14737828730965097 0.5113323345157477
3 0.0400454249734059 0.7068848942620004 0.0800908499468118 0.5862302114759992
0 0.10589637260002321 0.7368906992398027 0.09047396417793603 0.1318964340216342
0 0.18823366075148526 0.7524171552260401 0.11919670251296705 0.13525308606259456
