0 0.3848703137301901 0.46198681447739187 0.05433916379795456 0.04934418832019888
0 0.295257093391223 0.4797013140539478 0.0569955759918509 0.05673173189862163
0 0.5459305679451597 0.5124621362170301 0.05314710972518788 0.061861117210493144
1 0.648605285474475 0.5294693538301696 0.04473890761402888 0.04808951912904791
0 0.46949417959120743 0.5340518252096427 0.051871289305941704 0.05887823502723277
4 0.37070909533959495 0.58860638565678 0.10206980154632761 0.16682073395294628
4 0.5424052151437275 0.6189403856759177 0.10202744328815416 0.12316466298952411
4 0.6427895951793889 0.6378013844315857 0.10091921706401152 0.15118144036607717
4 0.2751975184439708 0.6206219584949906 0.11313436089518983 0.18797992718035061
4 0.45623238455762005 0.6557649692239206 0.08458430586188381 0.15890318713033724
3 0.35707120473218823 0.6715139216323105 0.13168965800459115 0.4832863493531777
3 0.5421533367652276 0.7028796881396868 0.11809404103908422 0.4420832166489902
3 0.6432802511565059 0.7189668788312487 0.1372946720472572 0.4445925705365407
3 0.4516721989243032 0.710432765799825 0.10989508285594568 0.4311551085681479
3 0.26847241030540414 0.6900787404101794 0.13403223942149683 0.4864087359572089
