0 0.4982782269905667 0.30960677883438104 0.055225341849400644 0.06601375196164344
0 0.41755374775092713 0.32173198198522407 0.05246630573500527 0.09705319269807267
0 0.8065053099796085 0.2787369971489211 0.05956783661972642 0.06488015505073583
1 0.5809900982639733 0.3139639399908314 0.06487803495673028 0.08202231960402401
2 0.8255330802100798 0.39601201078896303 0.1067959781643828 0.18772448634250272
2 0.5070835086734875 0.4548503419044857 0.10718386009463554 0.21583691038122899
2 0.4220604320629915 0.4699955409136799 0.06998047823699899 0.1783855443411993
2 0.6085809559358712 0.45613347499689383 0.11569296294978038 0.21024685791752112
3 0.8210267551316277 0.4793086906275694 0.14655900104756803 0.4813786791249284
3 0.40989674250847996 0.5349774486795309 0.14091702074135198 0.520329353092786
3 0.5086071310250875 0.5257251861541967 0.13587068214137077 0.5081714800417719
3 0.6003479490207893 0.5532494833767885 0.1429404056454715 0.558542398007848
