0.0 0.39006755252575626 0.2250177496122328 0.03720399351109238 0.06716301943923098
0.0 0.6304137324250626 0.31085571931585887 0.04686318959795299 0.06114480631854935
0.0 0.5425073002601284 0.3046262615495585 0.032391124530711024 0.057085720983513
4.0 0.5184011592687112 0.3093815036731956 0.05955313506798249 0.08652254284004701
2.0 0.43587395615194313 0.31041904589675495 0.07152671736547789 0.15751825297736083
3.0 0.5141881084822131 0.36002383354847256 0.10042063658146738 0.20489568926140317
3.0 0.42387526839520034 0.3577260378920476 0.11554108943818431 0.38804846518548075
0.0 0.3499828834146716 0.33930419062522443 0.044864615208328185 0.08022089733224691
0.0 0.6894183748138931 0.4345081313847315 0.05319138915960353 0.08692006722341616
0.0 0.601961666678698 0.4376179904644524 0.05494002122384101 0.09177421782111217
1.0 0.21467209242511234 0.37620951751037823 0.041600623155944705 0.05966877603744164
2.0 0.33510348923167743 0.4514469740230481 0.09713991262726995 0.19742994357577986
0.0 0.09339203783083974 0.41474681444538564 0.06020261991149088 0.09325028575705707
3.0 0.32626892640448946 0.4869733962010828 0.12866403271366839 0.41791134679638753
2.0 0.581503385557837 0.5585608460073886 0.0798033363732471 0.20347667557154409
2.0 0.22926129652771943 0.47703961566641284 0.0787711291340619 0.15300459726082982
3.0 0.5856422274659175 0.627668748498162 0.13670747638227065 0.4747137024544962
1.0 0.09907973912471497 0.4958056035872111 0.04686318392042357 0.061144747504795816
3.0 0.2176040686459137 0.5348072025321184 0.11554107473474595 0.3880484610615006
0.0 0.7481824629457028 0.7216266240766505 0.04554752025476394 0.0607757337485485
0.0 0.7941216845653501 0.7356631753086953 0.042666320766869825 0.08396808197087535
3.0 0.09851396659901995 0.5716554591672456 0.11287741122528405 0.2411173315019396
2.0 0.10510053550719534 0.5804127040039513 0.09281022580272606 0.15257854575441765
2.0 0.8571312874797912 0.8178280421872919 0.09261044125960949 0.13724956406967392
0.0 0.4684926061378859 0.7284017275356859 0.052525242583093656 0.09327883403901627
3.0 0.8414769328738934 0.8330153541202892 0.159357806584558 0.25851772505511994
3.0 0.7139763547483949 0.8030125580433121 0.13018043378085897 0.2612433827324213
2.0 0.7149756125363306 0.8136576200750212 0.08841356675099687 0.1600727809082465
2.0 0.41358550779718245 0.7302761892498777 0.08253503524409667 0.12569624358080878
3.0 0.4221790209765566 0.7672358445689778 0.16573631096286295 0.24503380390365248
0.0 0.4321262495395263 0.2022649182486564 0.0508101217811785 0.06225183109137031
