1 0.25329115635846705 0.19009027069890605 0.04833173780411684 0.059441368063382655
4 0.4608119506527263 0.29411699742796377 0.12901706974757582 0.30529683294581855
4 0.2160284634498426 0.3595323963620001 0.12885798190000516 0.2764870777809276
3 0.4472035361118687 0.453084172357981 0.1948471922946438 0.8710409595548735
0 0.3271290192419139 0.4932553533617192 0.0630140639761354 0.09220709184267056
3 0.20529478138522583 0.4698297439496577 0.17616153647473756 0.6946033508118874
3 0.3359116153406463 0.6036630834094714 0.13141775537480566 0.35597933478615806
0 0.5008302917032954 0.8164642552305261 0.07313247651494231 0.16000032953839527
3 0.5738451608382162 0.8584761949732382 0.23207144193895302 0.263327506207791
4 0.5923007037949841 0.8823734298897604 0.10846530603612259 0.20089232148905833
0 0.4649430039451532 0.08506752640590902 0.06036450984972169 0.10024034476860341
