1.0 0.23333334177732468 0.25966496020555496 0.045333340764045715 0.04768042266368866
4.0 0.44633330404758453 0.30670104175806046 0.10999998450279236 0.27835051715373993
4.0 0.20866666734218597 0.4375 0.11200001835823059 0.24871134757995605
3.0 0.44433334469795227 0.46778352558612823 0.1353333592414856 0.8427835404872894
0.0 0.3283333480358124 0.5399484634399414 0.058000028133392334 0.07731962203979492
3.0 0.20600000023841858 0.5496134161949158 0.12933331727981567 0.6662371158599854
3.0 0.3449999988079071 0.6469072103500366 0.10866665840148926 0.3298969268798828
0.0 0.5236666947603226 0.813144326210022 0.06333336234092712 0.14432990550994873
3.0 0.5989999622106552 0.8350515365600586 0.21933332085609436 0.20618557929992676
4.0 0.6190000176429749 0.8537371158599854 0.09666669368743896 0.17654633522033691
0.0 0.43533334136009216 0.09858247265219688 0.05466669797897339 0.08634019643068314
