0.0 0.7840664264606692 0.38339621441521365 0.1286458249972986 0.1489231773544445
1.0 0.28185856580980684 0.3522489693613664 0.04073894154641128 0.06056552432910628
0.0 0.6291748229136385 0.49724254476186097 0.06456480323647285 0.09537576328348829
1.0 0.438715538766277 0.44054046075999076 0.04071116494086108 0.054047486919084675
1.0 0.5071921852676988 0.4827923818080803 0.04044962012471359 0.06436364126163985
3.0 0.7383998158157798 0.6370550266916324 0.25807811032391825 0.7258899466167351
2.0 0.2615303068768637 0.49581905246215807 0.07798616624193211 0.19793845364328694
2.0 0.49336053139273484 0.5911683902493201 0.0623889329935457 0.15835076291462968
2.0 0.4236253183842027 0.5768209185830426 0.08474032879020976 0.20563332334175216
2.0 0.5920324410410729 0.6892259052925483 0.10767839023975745 0.2830681191633211
3.0 0.4943611330795553 0.668131056219069 0.11301811818717261 0.4607469498645033
3.0 0.2512898068274133 0.5870790258851024 0.130629020696116 0.5427266947667648
3.0 0.41210655518598177 0.6619362614552275 0.12822300332812897 0.5158088467634325
3.0 0.5807832576398338 0.7212468016740274 0.16709510849589582 0.5575063966519451
2.0 0.7162245187920908 0.7665355773449374 0.2192292915089208 0.46692884531012524
