0.0 0.7110250066975421 0.5834035278562967 0.043403353367401976 0.054613686243256465
0.0 0.5717179782185036 0.5622992231475166 0.03942969281039865 0.05392546990954861
0.0 0.36287206307926057 0.5291512225764909 0.043403294155365424 0.054613675988054666
0.0 0.2929893882046625 0.5215822936084875 0.05157979070745977 0.0589733294780565
0.0 0.6435496192937115 0.5838088698432757 0.045390094827848726 0.054957779027307585
1.0 0.49969602126846824 0.5694744059848542 0.04516103781383385 0.051974578715124786
0.0 0.4231274697149664 0.5834193653329133 0.04806454023866863 0.06425156504472285
2.0 0.7018579800765158 0.702732479183819 0.07198027268523255 0.1714172673389437
2.0 0.4907960637694395 0.6722235320564893 0.07671907845397258 0.1310285982349504
2.0 0.560105800048818 0.6872505130809583 0.07855260038274858 0.1548943853260436
2.0 0.6315169543257421 0.701129991860988 0.08138026532523956 0.14066647703641677
2.0 0.3503810176290971 0.6524387811117749 0.07327960625548885 0.16281171816563955
2.0 0.2856945790858319 0.6427468991745195 0.07946918371102685 0.16682724810598504
2.0 0.4114385382981104 0.6962656509891454 0.08031022561714396 0.15225526754271057
3.0 0.6995671756152386 0.7718627177897828 0.11400282379197524 0.43772600285839747
3.0 0.6239532149492417 0.7602782486262323 0.09344705390473174 0.42533526897730145
3.0 0.5552931158489732 0.7498981503552692 0.09214766112243877 0.43394080789540346
3.0 0.2777871061582181 0.7063699923012441 0.10231107677108967 0.43864458493506187
3.0 0.34809024277383827 0.7215690248453396 0.09237683656052675 0.43692402871798963
3.0 0.4880468788259686 0.7473202071800247 0.0971914798116108 0.4230402542332211
3.0 0.41338848402434003 0.7495044042246035 0.09398302367838085 0.3812751627170139
