1 0.22790294885635376 0.2104557603597641 0.1525130271911621 0.10991957783699036
0 0.8206239342689514 0.213136725127697 0.14211440086364746 0.15281499922275543
1 0.42374348640441895 0.27345845103263855 0.14558053016662598 0.12332439422607422
0 0.597053736448288 0.32305631041526794 0.1351819634437561 0.1313672661781311
3 0.8024263381958008 0.5630026906728745 0.29636049270629883 0.8739946186542511
3 0.22313690185546875 0.5777480006217957 0.33708834648132324 0.8445039987564087
3 0.4358752369880676 0.6005361825227737 0.23223567008972168 0.7989276349544525
3 0.6048526763916016 0.6179624795913696 0.18890810012817383 0.7640750408172607
2 0.2136048674583435 0.6487935781478882 0.2833622694015503 0.5790884494781494
2 0.8136914968490601 0.7104557752609253 0.2911611795425415 0.5442359447479248
2 0.46447139978408813 0.7386059015989304 0.19930672645568848 0.5227881968021393
2 0.6005199253559113 0.7533512115478516 0.18370884656906128 0.4932975769042969
0 0.4133448302745819 0.7801608443260193 0.2010398507118225 0.2573726177215576
