1.0 0.23849947299752025 0.23931602381388334 0.04628023510017726 0.051134323222526895
4.0 0.4503606509497903 0.3027209229671942 0.11565062347107385 0.2866021190755569
4.0 0.210186443282222 0.4151098905480458 0.11703807794878268 0.2571405406469091
3.0 0.44504167635454284 0.46352142691187387 0.15259927319838346 0.8525381458967561
0.0 0.3276461787019054 0.5266942308339102 0.05954785390648393 0.08172562546523693
3.0 0.2052107537983059 0.5269288662089118 0.14296461451270862 0.6756697883176489
3.0 0.3420947121807245 0.6348517665420393 0.1153809497937836 0.33800489126289857
0.0 0.5171926452472708 0.8147185325107519 0.06625832279355082 0.1490934846185903
3.0 0.5920144798151694 0.8424108364927441 0.22340949533477222 0.22291582026454237
4.0 0.6116134606157946 0.8626220657989889 0.10022929959825722 0.18385180424245895
0.0 0.44365964452811724 0.0939203806063663 0.05640312402127107 0.09048228812069273
