1 0.2342851294890021 0.42101905430149256 0.08617580235961633 0.08323780094221217
1 0.3797922242480669 0.4877909517027395 0.07478182053506394 0.100462363709653
0 0.08948591628342836 0.4715748168255766 0.07277718371552028 0.09190113544053202
2 0.5836775889508463 0.6287423445155528 0.046400594744093415 0.1312146006554724
2 0.5177844063522372 0.6425763916326717 0.05136606374932595 0.13754338041244552
3 0.5759784983780982 0.6839344490492225 0.07832028428476445 0.37911116574251935
3 0.5112461565066292 0.6763398294481101 0.08216236349612699 0.36470260839139673
3 0.22706310563125542 0.6702415988405045 0.15350020629530312 0.5864759597154272
3 0.09154135444449761 0.6582012470739366 0.12292967834094319 0.5483698632500456
3 0.3972478307435213 0.7161229256271836 0.17347705805627145 0.5570241459992036
2 0.22157030151553822 0.7209278070148186 0.11486373490943752 0.3141449409597553
2 0.39258443893334194 0.7732300647568782 0.11296276592313931 0.29327450289479173
2 0.09059337503481243 0.7264093887818694 0.09066423592194302 0.27986904250469136
