1.0 0.5129690283400429 0.19051354748360316 0.05831823413478504 0.09137757012697342
4.0 0.4335905180803844 0.21115982475145248 0.10200827394289119 0.232082675562665
3.0 0.42914796127048166 0.21365190689793723 0.13840675044477524 0.3921108707686465
4.0 0.5985350946966139 0.3244493866936037 0.15992547346547348 0.29661120902070515
3.0 0.5934210675990255 0.4580158770802556 0.21707614257053603 0.7441307073064285
3.0 0.7616208917574483 0.5290977003163974 0.14816340901896397 0.2772384295930877
4.0 0.8066929291825573 0.7500122622951366 0.09835725576558596 0.20253074527488035
3.0 0.7946484826792698 0.7784793096048043 0.19889717247419392 0.2951732558569977
1.0 0.4537391887114136 0.06872533307048893 0.04947841741378323 0.07105010850367308
1.0 0.6237958508133925 0.15439713163765476 0.06654782182901453 0.09370855597583876
