0.0 0.43695637986445596 0.3356504689030312 0.07845345459127218 0.12169321597995558
0.0 0.25443509243695456 0.38464533285588426 0.07300587494010816 0.11771216701445308
0.0 0.13493349619087197 0.4331092690048436 0.07256665011317492 0.10942923321450126
1.0 0.5837572416169228 0.33400229894986966 0.06197216086948831 0.08244532749058076
1.0 0.6802709999576407 0.3453253092290349 0.061818135016159514 0.10422814801012631
1.0 0.8080712141414577 0.36481833836922606 0.07624971183172724 0.10482232568498773
1.0 0.5051508966376093 0.5085958767173034 0.05328085967355267 0.09135408788102012
4.0 0.4287748364041102 0.6114118534617268 0.12255820440586462 0.3609360076835491
4.0 0.2695189079864829 0.656449408426347 0.12919978869558404 0.3133735364785962
2.0 0.5943566460162286 0.5844810675903638 0.10799539522580548 0.30849324153429836
3.0 0.42051520379602825 0.6423059404588172 0.16396689951985582 0.7153881190823658
3.0 0.26560492519097284 0.6623004025663057 0.17427630984916156 0.6753991948673885
4.0 0.1411027104485739 0.7265278452762682 0.13359953710136346 0.3716590685026303
3.0 0.1312363942882526 0.6807697932802191 0.17000761293364247 0.6384604134395617
2.0 0.6972733608639017 0.6027144596168188 0.12477706592673621 0.32871931329824255
3.0 0.597138407704049 0.6369397322526973 0.15794136097002798 0.7072628043691083
3.0 0.6958672759266229 0.6267928353075608 0.15662368648922853 0.6824140029692529
2.0 0.8206585285771737 0.6148395797847969 0.14127359375669435 0.3188795851338195
3.0 0.8124834963277352 0.6251051270143011 0.19109595047368033 0.6412568696557728
3.0 0.5038303986283266 0.7285696595621964 0.17757317303989606 0.5428606808756071
2.0 0.5085345406804471 0.7621327151849083 0.1113931987265378 0.2738205660499411
