0.0 0.339594021111969 0.16345059578361626 0.018134287846783392 0.032941725773851877
0.0 0.37843222802940923 0.18353817607050732 0.01886869756859272 0.034950338652228824
3.0 0.3779236057569555 0.20041053489227081 0.037059595930773015 0.07994361788958237
0.0 0.29572764541948793 0.17078040960490673 0.01717388542885484 0.02912534811271361
1.0 0.19231892303666248 0.13371766452936074 0.01915112917200168 0.03334348015009814
2.0 0.3361757450666516 0.2057318310524053 0.03423506283277794 0.08054610499735115
2.0 0.375070508515632 0.2210991585599043 0.029884976131898777 0.06507970872200794
3.0 0.33561065388517086 0.21878780799169703 0.04914979137631764 0.15345873891249945
2.0 0.22087529111434334 0.1763013530058573 0.03016741137222681 0.0634728793123849
2.0 0.18822276107164926 0.17288552311893568 0.030280517161468984 0.07210981793366145
2.0 0.28849612649996914 0.21582336968857718 0.03638173728512528 0.08225345977558987
3.0 0.21988639518377606 0.19914932566997495 0.04592980032511659 0.154764183363431
3.0 0.2896258204662979 0.2281261697361911 0.05242636259618777 0.15647176072041272
3.0 0.18864622050394217 0.1929716914667447 0.05011022106829427 0.15727511352184423
