1 0.9051805984220789 0.38030089684275575 0.1121613739081394 0.14853075686400485
0 0.7772428972777377 0.4013335905736054 0.06862318416007152 0.07759169411775696
1 0.4708860448329544 0.3812825829730604 0.06367188159954501 0.12929870598070908
1 0.6730048283517115 0.4116130175924665 0.04620243731396645 0.08056731963749969
1 0.12245851950797862 0.36466210098895324 0.0901504332559121 0.09298709240261638
1 0.584768660838807 0.43358659672175703 0.061507612025866854 0.09507733395543783
4 0.6712051770189871 0.5227925019555859 0.09921722123165921 0.17135315918058824
4 0.7820669962631037 0.5401373530238773 0.06572967810448627 0.19433528235850045
3 0.7692907084276499 0.5932523320505968 0.12936905179971558 0.45311684841133476
4 0.4641143660623914 0.5545351309673512 0.1215152382423137 0.26393412354574775
3 0.6684055141163221 0.5836051960147535 0.1391488658707074 0.4452593764575449
4 0.8971914251134102 0.6224388819265083 0.1817359292727152 0.3711605213183526
4 0.5788453196583343 0.6430587533103163 0.12791782690858333 0.332671999103459
3 0.8804784256951056 0.6588093062708685 0.2390431486097888 0.6823813874582629
3 0.45342028204558715 0.6409062523981742 0.13396836603510498 0.6233382715652802
4 0.12977449865936985 0.5964218590267478 0.21107542894756037 0.3475880842315303
3 0.1214927580804818 0.5997603060142899 0.2429855161609636 0.6022378651233016
3 0.5604372583896609 0.6859552357096743 0.16448837860403054 0.6184320724648389
