0.0 0.695956914053356 0.3597189011798506 0.1431377500390183 0.1782670633078684
0.0 0.12693353409057068 0.5581523554087566 0.07705339642288904 0.09961804876646752
1.0 0.828913203040321 0.39852657329490915 0.07724733292958075 0.11803102789139702
0.0 0.4706013364550101 0.4918009579708636 0.07138155693157894 0.09564875442281717
1.0 0.0761856869533873 0.6005366171067146 0.09312552942337805 0.11917380185166049
2.0 0.4949372152537611 0.6612067438440669 0.13909479917532214 0.25602372530425055
3.0 0.6716385012223818 0.6261867233682105 0.3141599168219418 0.7199933037830093
2.0 0.33327469876172205 0.7340400890640757 0.14126513300384458 0.24341919516453048
3.0 0.1133833163370614 0.7453911781509261 0.19400679854981615 0.5092176436981477
2.0 0.11981082043938661 0.7957125648878758 0.1606581246514702 0.3109921524895666
3.0 0.49982150398074254 0.7179412772089404 0.1801050087050875 0.5641174455821192
3.0 0.3460461862650356 0.7509160911263018 0.20334696205620004 0.4981678177473964
2.0 0.7439248244210537 0.7180085458602745 0.2845200892183888 0.5056774444917496
