0.0 0.44599997997283936 0.3222222328186035 0.07333338260650635 0.10555553436279297
0.0 0.26200002431869507 0.3291666805744171 0.0679999589920044 0.10277777910232544
0.0 0.140666663646698 0.3499999940395355 0.0679999589920044 0.09444445371627808
1.0 0.5920000076293945 0.3541666567325592 0.05866670608520508 0.06944447755813599
1.0 0.687333345413208 0.38749998807907104 0.05733335018157959 0.09166669845581055
1.0 0.8133333325386047 0.43611112236976624 0.07200002670288086 0.08888888359069824
1.0 0.5046666860580444 0.5097222328186035 0.04933333396911621 0.08055555820465088
4.0 0.4233333468437195 0.5944444537162781 0.10533332824707031 0.33888888359069824
4.0 0.26266664266586304 0.6027777791023254 0.11466670036315918 0.28888893127441406
2.0 0.5893333256244659 0.605555534362793 0.09333330392837524 0.28888893127441406
3.0 0.4126666784286499 0.6388888955116272 0.12666666507720947 0.7222222089767456
3.0 0.2566666603088379 0.6416666656732559 0.13733339309692383 0.7166666686534882
4.0 0.1313333511352539 0.6430555582046509 0.11599993705749512 0.3472222089767456
3.0 0.12133336067199707 0.6444444507360458 0.13333332538604736 0.7111110985279083
2.0 0.690666675567627 0.6472222208976746 0.10933327674865723 0.3055555820465088
3.0 0.5893333256244659 0.658333346247673 0.12266665697097778 0.6833333075046539
3.0 0.6879999935626984 0.6708333343267441 0.12266665697097778 0.6583333313465118
2.0 0.812666654586792 0.6875 0.12666666507720947 0.2916666269302368
3.0 0.8039999902248383 0.6958333253860474 0.1600000262260437 0.6083333492279053
3.0 0.4913332760334015 0.7361111044883728 0.15066665410995483 0.5277777910232544
2.0 0.4946666955947876 0.762499988079071 0.09866666793823242 0.2527778148651123
