1 0.5257577468540441 0.19305280632912689 0.05479311319445612 0.08358018255416655
4 0.6006180950540685 0.24432392041034318 0.09184854249564778 0.22033427500746186
3 0.60464194746458 0.2484970445316817 0.12035347366674642 0.37819095764669464
4 0.42567866617817374 0.2901279482601474 0.1477142797713233 0.2764329218560231
3 0.4140911042358738 0.42240908854715925 0.1816225745639503 0.7256782168582495
3 0.24121458174809446 0.4257686353666214 0.13671531850021332 0.25860810170724136
4 0.1698376901312707 0.6235617272154357 0.08973555003750622 0.19064690644588922
3 0.17805259915661684 0.6560513626893805 0.18778524224698007 0.26814879933903246
1 0.5986420229606007 0.09749645687041308 0.04684563904956929 0.06426516827650351
1 0.42214380290641235 0.1143581906127829 0.06310919391392278 0.08453441522258924
