1.0 0.40251627867559614 0.21695276676376138 0.09150583565842024 0.10691841574860678
2.0 0.5567462692713688 0.4341693369342128 0.1992860171142099 0.4502778460839573
4.0 0.7110511765877521 0.5299721173993841 0.19101159533179657 0.42531953991303534
4.0 0.18727376213994557 0.39326233640959357 0.2073534980100169 0.4392153392804271
2.0 0.37196670745101756 0.45356310887114315 0.1600956229172415 0.31763855359127174
3.0 0.5492548448368844 0.5061051512514887 0.34448099287541456 0.9877896974970226
3.0 0.8721104841709497 0.5847720555297123 0.25577903165810056 0.8304558889405753
3.0 0.7163040179145082 0.570215812683878 0.2741104514002738 0.8595683746322439
3.0 0.19023474497335083 0.4624380140053789 0.3085516974720976 0.9248760280107577
3.0 0.3364773924583772 0.5587793371633184 0.2697882729508033 0.8225556016732969
1.0 0.5811629212200755 0.08524253182271795 0.09761143004724271 0.09692747538124971
1.0 0.9071926433614528 0.23155004389654132 0.08409847249052715 0.09765177543107817
0.0 0.7545442525581101 0.21508389924510748 0.10566073171559898 0.14578101452727293
1.0 0.25080986579344106 0.06266976979423827 0.08192176436035822 0.08838080603554245
