3 0.15594668183687263 0.8833189837733829 0.15790608203276896 0.23336203245323417
3 0.2442083871293902 0.8678918533996778 0.22974951379672304 0.2642162932006443
0 0.4466404730464367 0.8846082496572111 0.1095120517945311 0.15174019346540635
0 0.44022484299484665 0.9217458526036093 0.17107589997148748 0.1565082947927814
0 0.6045267004985104 0.9503062421998222 0.1352239763260863 0.09759048087206268
0 0.23558013654965376 0.4198630925070517 0.09280718947013067 0.11390256503479168
0 0.4881849103070398 0.325105003566585 0.13429261142558352 0.18548959092284031
0 0.350397535942601 0.39783351109728515 0.09877255155375875 0.12291220671263264
1 0.704545387063725 0.25849063025573743 0.11818984887191097 0.18638492560854578
3 0.4318117035196888 0.36811882990248146 0.041910826735440165 0.09166664842139799
1 0.6550323476776374 0.30754574942554536 0.07149263037536369 0.16050987290906288
0 0.021051017203688197 0.5987286404541639 0.04210203440737639 0.08022103270853942
3 0.5797396367197711 0.39697824289680006 0.15053086805970262 0.2609714642764336
3 0.6620369107068736 0.37377575360283705 0.11846083703280419 0.33913934168714344
3 0.24566686730189746 0.5862942483133349 0.2042376669947833 0.4681648737191903
3 0.7788252495150751 0.410827043334156 0.276488675316395 0.5473436228629422
3 0.3632598124268489 0.5990033221708446 0.19761303756422977 0.5385347214901686
1 0.9430703318937823 0.381800297251423 0.11385933621243549 0.1981709025277213
3 0.5035164815887042 0.5954527189767698 0.26088409455586903 0.724976322432776
3 0.9155179421053945 0.48573871867436 0.1689641157892111 0.5344139278564379
3 0.0755618602209936 0.7687968953525055 0.1511237204419872 0.4624062092949891
0 0.140410197807329 0.8397860814687225 0.10233023656548454 0.150874566351773
0 0.22325631576719565 0.8327614456683614 0.13018887477573243 0.1619557946435991
