1 0.9089796083624979 0.41415933842493347 0.11638534144705048 0.15621805339953793
0 0.7804615349911364 0.42452681812604665 0.07070795157797105 0.08245628753005124
1 0.4753159263495441 0.37904528692152833 0.06776140825810217 0.1331163988903591
1 0.6760038900006096 0.4261272264711737 0.0486713889234468 0.08349854557090541
1 0.1280375548247163 0.33349251707740013 0.09255277652220385 0.0994863504279227
1 0.587091609319395 0.44073374155757494 0.06433640152345343 0.09912746783161386
4 0.6701002790227204 0.5369863556329917 0.10445670091007864 0.17766797573658766
4 0.7801511196819981 0.563518290923494 0.07224015332980371 0.1975373083844567
3 0.7654325080886997 0.615489840882619 0.1448391247530928 0.4585613919020536
4 0.46215508399392496 0.5514689021130214 0.1299657790301495 0.2710114942433057
3 0.6650586304089932 0.5974729534451394 0.15420466495377905 0.4516269028991114
4 0.8920586660765946 0.6552613877227857 0.19348779773313696 0.38203159050889113
4 0.5734399291993484 0.6493918326714886 0.13887575450385514 0.33945640880747496
3 0.8703162746667212 0.6716902883580697 0.25936745066655764 0.6566194232838607
3 0.44828706936958773 0.6368185607223424 0.15578438434470937 0.6271048576451423
4 0.12678160303811972 0.5655042931833925 0.2215844743009945 0.36122810739476435
3 0.12485851436044039 0.5680374091699121 0.24971702872088078 0.6157135451840875
3 0.5534756439636815 0.6891360564915944 0.18574924991348407 0.6217278870168113
