0.0 0.4802140591692522 0.3119164785973233 0.05975342967337127 0.07578774828108376
0.0 0.40146440985534626 0.34116750737763923 0.060070620751775494 0.10520672292256339
0.0 0.7823658743342556 0.2154984937487014 0.06384372032077079 0.07563122892443527
1.0 0.5624961688526562 0.2985550406718532 0.07062750220088077 0.09335729764205047
2.0 0.8123372434222563 0.3275115208610625 0.12132938282371808 0.20464519442226467
2.0 0.502723382410231 0.45379718608422615 0.124408223494821 0.23191464312126908
2.0 0.420005786659713 0.4869559496250535 0.08482956439641764 0.18764742376667648
2.0 0.6033075356666652 0.43337890412705726 0.1320991372501994 0.22835024446132413
3.0 0.8157875998029587 0.4109216005091043 0.18802391739636082 0.4972217203850595
3.0 0.4141375126598186 0.5538742985327421 0.18631409240385394 0.5336672229381504
3.0 0.510962480717192 0.5236236179476507 0.18026484090250167 0.5208182039921161
3.0 0.6043816456538225 0.5312637019124751 0.19194595084409127 0.571058176120492
