0.0 0.5563198236307569 0.3188461016687662 0.03789556421593965 0.05163675374872856
0.0 0.6994948750280278 0.3606771808258153 0.04125952253440568 0.052711888631151615
0.0 0.39323489080584895 0.2926891480064408 0.03220942786479669 0.05030453364407639
0.0 0.47417414403038793 0.3130085667142619 0.02677500306127517 0.03669171898984158
3.0 0.31315097384706314 0.2853761160471735 0.06308658435786113 0.15395978965229465
0.0 0.276231203908273 0.2898333461226068 0.04614898208777818 0.055579242794142114
3.0 0.2331682347296532 0.2809492850557619 0.07176788316690078 0.18038596519923605
0.0 0.6286275869138886 0.37962884099889166 0.03839195569418641 0.050892159837961914
3.0 0.4724939646200438 0.35133408989724263 0.04997600751506981 0.110712661328625
3.0 0.3899127194762105 0.33424579622798634 0.04939333314217831 0.1234896818807652
3.0 0.6950915658476393 0.40876012789197425 0.06426857095978178 0.1671502573473383
1.0 0.3545152086988036 0.32986952447125073 0.04045095824040984 0.04678311097709703
3.0 0.5409214149574908 0.3741457720717943 0.06795647180874531 0.18236264791163803
0.0 0.45035983739207397 0.3661857866620037 0.04417590390062509 0.05683875462232413
0.0 0.728838833865042 0.4367043961517143 0.0524902065979842 0.070552392861858
0.0 0.5622058123952782 0.40218327412667165 0.051767566663058706 0.061774078175120595
0.0 0.834857895416732 0.4746511777964096 0.06139355097374033 0.06603814948516462
3.0 0.7233875273857451 0.47941945226457416 0.055415482323339704 0.1464231696634315
3.0 0.6120481194257453 0.4674953312898096 0.08367000185752804 0.2506118686493557
0.0 0.6610730720338931 0.4798854464180775 0.05272330480830034 0.06544163727266
0.0 0.751940154946231 0.5350730516786035 0.057839968517994444 0.05946620545181747
4.0 0.2571175070666505 0.431945701757918 0.10163628409876133 0.23760319739079327
4.0 0.15358159629439377 0.4280268911760423 0.09645788538322016 0.25217308441271363
4.0 0.34183521036529063 0.4728865797661957 0.11014020786786055 0.2568136153358821
4.0 0.4324902145627134 0.5137119725885849 0.08949290934004372 0.2146703567973398
4.0 0.5367227034335966 0.5408447099290715 0.08987311637978707 0.2072983099632198
3.0 0.2508453283052795 0.4786868435196892 0.13693202862006473 0.455358703301017
3.0 0.14891712933473533 0.4593255121314266 0.135156259176455 0.42911560847137725
3.0 0.14235517502579986 0.4683342098164822 0.007542241875744954 0.011810902991352734
3.0 0.4327369938870633 0.5499278067422366 0.11864858551461227 0.4395963525572245
3.0 0.34091003342857007 0.5406167111798907 0.13584702515189423 0.4651484207984655
3.0 0.5269158572013591 0.6051380320811895 0.12930933288185087 0.4593121846572661
3.0 0.8108326429311588 0.6716576406312444 0.1416113423651063 0.4966305058815119
3.0 0.628905757134071 0.6335532631171268 0.14144614210703055 0.36458684946662206
4.0 0.6326658889173926 0.6562796959098847 0.10078479013613961 0.23309922459728383
4.0 0.7316083869893892 0.7043198079107029 0.12066657182006324 0.26788892821656396
3.0 0.736577915489827 0.7106065150687887 0.147189572982537 0.4491530228360492
0.0 0.36586978081591154 0.14556285224055077 0.033803139995912446 0.038051375918708885
3.0 0.3691479940430944 0.14783749505993615 0.023325179274477303 0.03846613493777007
3.0 0.3601885659101316 0.18566282081682922 0.06464967480842926 0.1414125021342124
0.0 0.23836140653062443 0.2194921336391788 0.039347211391296516 0.06374252205811629
0.0 0.31565797541867424 0.23910873511646313 0.03254628167852097 0.05354010859078498
