0 0.2873933890485558 0.4336594206360753 0.13696996491394067 0.16545354839128157
0 0.8715790432472041 0.4233887908200742 0.07354463121878096 0.0927976935857403
1 0.16442364267572127 0.51878377125278 0.07279256100141784 0.11157807776961431
0 0.5272511484990956 0.48154865519477474 0.0679575410384542 0.08940166360048046
1 0.927600538009847 0.4464502782230465 0.08894799841139878 0.11090493094209691
2 0.530524037803612 0.6547663544235567 0.12882914941666235 0.24532518230765987
3 0.3533396466047077 0.6671880354952119 0.2836602153554565 0.6656239290095762
2 0.6991083878129556 0.6678326771117643 0.1316958344687319 0.23220224204193296
3 0.9195912638522772 0.6494269638035158 0.16081747229544574 0.6005872680837512
2 0.9162321157671265 0.6515787839774669 0.14801268012198643 0.2989585569644845
3 0.5358939899258087 0.7168355851665942 0.15409414711563324 0.5663288296668116
3 0.6934532270884048 0.7136567356897325 0.17930382239794562 0.5374615283394657
2 0.2977167944188063 0.7785279652998456 0.26445152635444064 0.44294406940030895
