2 0.13999998569488525 0.4774436056613922 0.11333334445953369 0.3233082890510559
2 0.801666647195816 0.5375939458608627 0.21666663885116577 0.5187969505786896
3 0.7908333539962769 0.5451127886772156 0.2383333444595337 0.9097744226455688
3 0.3174999952316284 0.5476190447807312 0.2250000238418579 0.9047619104385376
3 0.1316666603088379 0.5689222812652588 0.15999996662139893 0.7769423723220825
2 0.2983333468437195 0.5814536213874817 0.18333327770233154 0.5062656402587891
1 0.7591666579246521 0.15037593245506287 0.1316666603088379 0.12531328201293945
0 0.3450000286102295 0.17167920246720314 0.15333330631256104 0.15288221091032028
1 0.8549999892711639 0.1791979968547821 0.07666665315628052 0.10275688767433167
1 0.09583336114883423 0.24310775846242905 0.0883333683013916 0.10025061666965485
