0 0.8015790120068984 0.30975800960101546 0.07850975253185888 0.13846690211420568
1 0.28065091689399724 0.22748772729336933 0.06046623466135492 0.1204470333039554
0 0.553475076571788 0.27318153453394106 0.04919934175160601 0.08593470717361573
0 0.48671412616513765 0.2648578803161016 0.06310519055049207 0.09322616330086458
0 0.716501302542541 0.30481757695874484 0.0728263573362058 0.11994578793427965
3 0.41718496542558936 0.27899944982303876 0.06351655807339512 0.22903202509930157
0 0.3739981175297735 0.27706028652710657 0.05458299524932564 0.09686598858189616
3 0.6328106804356948 0.39176685980672504 0.13126485800837295 0.4084793671724464
3 0.4721001250516603 0.3808775864897508 0.107085357115978 0.3291320372609092
3 0.556951608030174 0.40742405251053493 0.10723818721759648 0.36434851928524364
3 0.37107125240366506 0.39880221707705155 0.10030875951578266 0.3456244400038959
4 0.6351733817504591 0.44307587570527973 0.08464566011313157 0.19979432141645254
4 0.4726937700756555 0.42935238100818407 0.0910284866126741 0.23602515915925665
3 0.7118259098764749 0.4708336435254098 0.09962107199539028 0.4536008605101947
4 0.7162603806463697 0.4855598190392884 0.07099255257770098 0.23024922225449906
4 0.5525347542518964 0.47163346563356706 0.0865440296749923 0.2478634009360493
4 0.3649117863644243 0.44363125140647947 0.10772604596169721 0.2513121855087094
4 0.8046706051187045 0.5648831986937 0.12243706426430823 0.3416862974924001
4 0.9232140859872657 0.5956421983834663 0.13534962768650516 0.3865212940183532
0 0.5033853721874202 0.5412906570553117 0.07128058547851812 0.11215304947514454
0 0.4102586069599935 0.5337666517971015 0.057374737852835256 0.10486162305486174
0 0.6205329514606588 0.5756417417108266 0.06754261617352642 0.11154441117392633
3 0.17276915076511012 0.5141957074366998 0.15233499996921335 0.8166128031403066
3 0.2652465094566459 0.538164440582583 0.12217829084920515 0.7739975411447718
3 0.9147359930416628 0.6235200925668307 0.15203528915144915 0.7529598148663385
0 0.691302258254437 0.6253575009908929 0.06814210426220635 0.12672419554508163
3 0.7981086143281351 0.6227385504956664 0.1571191986048287 0.7545228990086671
0 0.27804741226657237 0.6268200670331532 0.07098669935234597 0.16740624918596514
3 0.6156077747306834 0.7479826515914658 0.11208112479177235 0.45562959647427625
3 0.5003262660043396 0.7415927080219853 0.12225477190973305 0.5168145839560294
3 0.3836254154659681 0.731854593857961 0.13286927851051966 0.5118015476083063
3 0.716181208966983 0.7819583793429795 0.1527524144972472 0.43608324131404097
0 0.3630191618041571 0.15814668666676382 0.05353685386639695 0.1017230206917842
0 0.484254439714612 0.18425152539033615 0.049499083449539516 0.09352453994526122
0 0.3214750423680272 0.1781178413561586 0.05159142562932906 0.08381048539914429
0 0.1932104847145531 0.1712382528446973 0.08922417557389703 0.12764299636557003
0 0.42092881824950357 0.2159535610503618 0.05064519892784719 0.09119748157089155
0 0.6268921062923583 0.2558536546455214 0.07232678686198046 0.10729604189239875
0 0.9286975441828658 0.31390478000732425 0.08563900607695607 0.16225082039837363
