1 0.515217253946229 0.19083728139764267 0.058765721603300514 0.09239328034483693
4 0.4356953153085966 0.20965850548033965 0.1033434466886281 0.23354808505571545
3 0.4312350172059506 0.21204833377022514 0.14080877298956568 0.39376652563345926
4 0.5998027489988627 0.3267273985927811 0.16150456105535593 0.29919829952182886
3 0.5937184045210387 0.46016526993616375 0.22183097433773818 0.7461710751439733
3 0.7613875745009233 0.5351047208996018 0.14964503288438935 0.27962472651870307
4 0.8048502705697551 0.7570361497184351 0.09948218884423121 0.20403522822436182
3 0.7925999345981495 0.7852241589860702 0.20029737939038061 0.2987083546268011
1 0.4568774998054693 0.0676987198767957 0.049808552519931104 0.07193975861532828
1 0.6262973146426789 0.15726957996217428 0.06697768102178092 0.09491310579821641
