0 0.5425440800440944 0.3852107071072557 0.050040427621101946 0.07598108372888707
1 0.2454017327433226 0.2864642009045092 0.04318734541868874 0.06596064219668557
0 0.43930347165633565 0.3697561762878068 0.05097169244412575 0.07115409143412599
1 0.7038083629729073 0.46855307188370343 0.0501185975579993 0.0631554552625499
1 0.6188130268493837 0.4495794796220479 0.04910916279807809 0.0808080760236482
1 0.35681759640260496 0.37096247135473187 0.04468734224776039 0.06646609353684196
1 0.814253847559917 0.5402951719188268 0.05040296668396815 0.06582170636080886
1 0.6264977247361745 0.5377921501131889 0.03240300161216347 0.05975626099813236
2 0.5930995037979728 0.588683850745794 0.08161175654875996 0.22285048270711832
2 0.21363833846396552 0.46772255741793756 0.11323983321169406 0.2617824790673375
2 0.4187119082545012 0.5409689404936588 0.11238674144851257 0.2537838721765615
2 0.6975699276033895 0.6363162524319879 0.10568999287400394 0.21811211515008544
2 0.5181776126752873 0.5772477408843713 0.1395929651573839 0.2783738469024736
2 0.3270056729300763 0.5266390681342245 0.1045242213632332 0.26141602212465814
2 0.7937013722494761 0.7184261724172036 0.11960236271379177 0.25364493634068486
2 0.6154607174425349 0.6776990055230325 0.08655257940482874 0.2013819289215748
3 0.49714192534449 0.6433534299957191 0.167688457193006 0.6502667314086991
3 0.31693560049870984 0.5992018201930036 0.14115750461030016 0.5642148266211612
3 0.20204334950187147 0.5618678292602151 0.18674776240982907 0.6798225951177485
3 0.573901391859202 0.6885531982884929 0.14363861620883778 0.6010363343214263
3 0.39033254893281266 0.6322204106904241 0.1597761070732499 0.616755754726226
3 0.6891953045626654 0.7186266226024911 0.16520730694483343 0.5627467547950178
3 0.8035578907585597 0.7514176429789077 0.16179491803149182 0.49716471404218465
3 0.6129688268127516 0.7551763356552887 0.13275456626353854 0.4896473286894224
