4 0.8937499821186066 0.4611110985279083 0.15937501192092896 0.32777780294418335
4 0.4476562738418579 0.47361111640930176 0.1890624761581421 0.46388888359069824
2 0.1734374761581421 0.48750001192092896 0.1812499761581421 0.43611109256744385
2 0.703125 0.4958333373069763 0.18437504768371582 0.3305555582046509
3 0.4437500238418579 0.5263888835906982 0.23125004768371582 0.9472222328186035
3 0.17656248807907104 0.5375000089406967 0.23125004768371582 0.9249999821186066
3 0.698437511920929 0.5708333253860474 0.21875 0.8583333492279053
3 0.8984375 0.5819444507360458 0.1968749761581421 0.8361110985279083
0 0.44843751192092896 0.09583333134651184 0.078125 0.08055555820465088
0 0.1781250238418579 0.13333334028720856 0.10000002384185791 0.09999999403953552
0 0.7109375 0.18888889253139496 0.09062504768371582 0.09444445371627808
1 0.8804687559604645 0.20694445073604584 0.09218746423721313 0.08055555820465088
