0 0.21434322667455202 0.3964005132133751 0.12951665024424527 0.15361700667632033
1 0.7159357082186061 0.3423408791458804 0.04122574573571236 0.06189847820020161
0 0.37082793612764225 0.5031394787652527 0.06532660224199183 0.09749524334282889
1 0.5604055169629403 0.43776282008752754 0.041095645539521386 0.05545366627617182
1 0.49256167367808423 0.48312633265360094 0.040999455351115044 0.06563869148470375
3 0.2639716009392036 0.6414624367962416 0.26723073545420006 0.7170751264075168
2 0.7383306720870391 0.48493578860147263 0.08020846562650308 0.19955118900568547
2 0.5079539312561798 0.5908352865028401 0.0641667725012024 0.15964095120454846
2 0.5774589794739138 0.573309554818646 0.08700639833760615 0.20749391269629242
2 0.41073069241572435 0.6933642344191107 0.11090052101103764 0.2851830490330466
3 0.5080651665843463 0.6678182471229626 0.11897552199446432 0.4610930800648433
3 0.749885792119629 0.5756982544010237 0.13767496828397285 0.5430101287267939
3 0.5902031499172646 0.6578710920296361 0.13487286989146707 0.5162808170083
3 0.42277665964635613 0.7227020893166858 0.17469293130507763 0.5545958213666283
2 0.2882441638691017 0.7702477159117807 0.22526246266158936 0.4595045681764388
