0.0 0.30001649136110337 0.238874840811953 0.015347272193524941 0.02819533495111809
0.0 0.3404169199840293 0.24237893442802078 0.01588436372884028 0.030061464731771598
3.0 0.3421262061707588 0.25900001186561167 0.02978360379138212 0.07117461058080557
0.0 0.25830683771028345 0.26411446507203723 0.014793850240735873 0.024477561141429183
1.0 0.152883724472811 0.270757166699805 0.01638879495482176 0.028224366051674166
2.0 0.30221478165182614 0.2814114012432963 0.02667536579356178 0.07293914640884272
2.0 0.3420536231789279 0.28030093758537844 0.02394085713584071 0.05805354885794062
3.0 0.30337061615280836 0.2943437442520183 0.03356144153856405 0.14532669193993028
2.0 0.18622202765294477 0.30038720638112426 0.02444528862462897 0.0562164799765032
2.0 0.15401596690587493 0.31054533026707526 0.023485416768070116 0.06544553492715444
2.0 0.2571568923717897 0.31091154295262413 0.02876657619638387 0.07392299337614772
3.0 0.18824475299469534 0.32301881368075336 0.029940577241663824 0.14800249615328312
3.0 0.2598627930331227 0.3224116091829689 0.03670239957444141 0.1472654011331723
3.0 0.15705166674125753 0.32990754720889964 0.03411489315860966 0.14904445168088842
