4.0 0.8841504329484444 0.10827951634790868 0.10090415977612677 0.18285504326506083
4.0 0.1563773205887746 0.30898700675564256 0.09873290445952822 0.1612238602757388
4.0 0.08376415402216465 0.3411875490981165 0.07587264550876968 0.17418165221790294
3.0 0.8896341594812145 0.1888538938558056 0.13765788540393342 0.3777077877116112
3.0 0.1598448806252455 0.3540270945604306 0.12343608121376783 0.38727149707833003
3.0 0.08970147776804009 0.37934940271281914 0.10489510932314336 0.3830840856187874
4.0 0.38893873221546577 0.3275688645017258 0.24456144187573192 0.39046630932200765
3.0 0.40851239621211394 0.47009856861366 0.3561047157252303 0.9200174489897658
1.0 0.427423144858767 0.07079981511023009 0.10201047804792884 0.11364220944167941
1.0 0.1553563574103814 0.1938694545780412 0.04729475791155441 0.049942876056408625
1.0 0.08336349088228398 0.2322503513864374 0.03555438963668789 0.053331584455031805
