1 0.2515761847130571 0.21415676512961562 0.06855276664809354 0.08786149047209565
1 0.1349325493112164 0.28088819118120767 0.07160749646214229 0.10573473042984272
1 0.7010326890295229 0.1833586019442002 0.06684137592558337 0.09394365410926875
1 0.4199248564341861 0.2387580615688765 0.0588591201772673 0.0980022937875516
1 0.9133563829804163 0.1987711203915835 0.071087544829193 0.11476461031190552
3 0.2705665861133767 0.3801451114945187 0.15887670829841521 0.4450326183333206
4 0.2779957625177436 0.42395849486519266 0.09914761759523014 0.28575842262942275
4 0.28255599316160745 0.42594192305662737 0.10723483441401782 0.2744207887975323
4 0.16757127044128267 0.4895878287881048 0.10116898265611907 0.2852044310450596
4 0.4316005265822149 0.4469853417617878 0.10919963486345047 0.30031070833939244
4 0.7159438463821308 0.4119490870893018 0.13174497907295635 0.29974500637313467
4 0.881865209751364 0.38859377121688754 0.10589488153741355 0.2322218809155711
3 0.45419955029755565 0.5746483260476367 0.17374563218927075 0.7651147114098966
3 0.9001397536644078 0.49980860510102687 0.18355252816722933 0.7020861365187672
3 0.16741584595168027 0.6014933467862843 0.18404124808965033 0.7970133064274314
3 0.7138735915567722 0.5430533067315438 0.19836237088403796 0.7740381573499844
