0.0 0.6647588139144123 0.1463894133092566 0.14744870806920685 0.19715903583175623
0.0 0.3296130588491121 0.1268598756345173 0.15760739135580593 0.1995359808535445
0.0 0.942516164577293 0.37566374082542486 0.11496767084541404 0.21322652511920226
0.0 0.5005250454030116 0.270594527599995 0.15929079460899215 0.250324278206756
3.0 0.16589511592789136 0.4185103653422439 0.3317902318557827 0.8370207306844878
3.0 0.312417388810929 0.43024740543107026 0.27004537087116665 0.8604948108621405
3.0 0.6856037317362492 0.5337095506212887 0.3974933275997359 0.9325808987574227
4.0 0.1624028496574494 0.4102666620200439 0.3248056993148988 0.7079871020246964
3.0 0.8617790497391489 0.6384975497884045 0.27644190052170237 0.7230049004231911
3.0 0.45784412767780214 0.5657121430880296 0.321266593866716 0.8685757138239406
4.0 0.6744160763286202 0.6814249387056354 0.3335585942337692 0.6371501225887293
1.0 0.2116809829470757 0.028454165160637066 0.13525550492750227 0.05690833032127413
4.0 0.9028377089134119 0.7613245592422386 0.19432458217317616 0.47735088151552263
4.0 0.4308729944152822 0.6835637260348115 0.29581119485894714 0.632872547930377
0.0 0.1027360994757827 0.7301066022462618 0.1920051271398648 0.31371070923319877
