0.0 0.6182292900196976 0.487350187630867 0.0534265325207568 0.0472199814304613
0.0 0.7045053357607864 0.5241817795096483 0.055913782857595073 0.05453327832730842
0.0 0.45316142554762895 0.5023792227025425 0.051913902258516165 0.059864394809929944
1.0 0.3497759023263402 0.4969901182999026 0.04380060008969422 0.04638499028835796
0.0 0.5259636816725 0.5401893952138148 0.05070519986649347 0.05692053592732538
4.0 0.6168123850190428 0.6153549156241628 0.0984988005889248 0.16327157615866184
4.0 0.4436974150458597 0.6082120099911748 0.09954961522970002 0.1193577419244064
4.0 0.34234663739500265 0.60514677233659 0.09773311802818141 0.14759046246478114
4.0 0.7071705182336863 0.6675723375209087 0.10909935599883602 0.18406433705589564
4.0 0.5242556286532021 0.6631582949512573 0.08110766075127168 0.15608491864527385
3.0 0.6201924106441203 0.7001120987251742 0.12036901194080196 0.4803015734661577
3.0 0.43374286197341 0.6910967459550289 0.10772446394059132 0.4394582814985035
3.0 0.3319965255736721 0.6851340029157901 0.12697644776034644 0.44112827410156163
3.0 0.5221105137145476 0.7180885812766229 0.09975043507352588 0.42882996938482043
3.0 0.7053640733270137 0.7375637202170506 0.12264738569472688 0.48333830867940275
