0.0 0.1554714576977388 0.2856132693089289 0.15941922854728918 0.21127934586502753
0.0 0.6002000805891053 0.44009802474954696 0.14604605591150288 0.21565414234107733
3.0 0.39357370076410547 0.43437774998369466 0.21323542569666948 0.8687554999673893
3.0 0.8449666421199447 0.47061608801373933 0.28951579074354183 0.8665608545922547
4.0 0.826807853846812 0.54320207079452 0.19173159298478548 0.5185486052547377
4.0 0.3714421551998216 0.5481699711136389 0.24992249996662394 0.6343143541245693
3.0 0.12710535488584698 0.5779461317294671 0.24508020779070144 0.7981201311886671
3.0 0.5937226096003141 0.6673745409892964 0.22944520747559394 0.6652509180214071
1.0 0.14353158532486096 0.7582886629538848 0.22124147490299226 0.42146743714717005
0.0 0.40255378581470413 0.08763553567792429 0.1557390359450893 0.17527107135584857
0.0 0.8581846364938412 0.12227354659399176 0.14726321648089635 0.18439079427408728
