1.0 0.23526626000156572 0.5887853311791587 0.09000675639176797 0.10447392662541466
1.0 0.38479926824999605 0.5622441750055571 0.08068513221693341 0.11765470905244835
0.0 0.10915939516140273 0.725021220291972 0.07798617717168707 0.10888953874085194
2.0 0.6035195230701063 0.5695370569461395 0.056355790332319966 0.13886637015979186
2.0 0.544353182227377 0.6229239848139481 0.06168200593019879 0.14635167915584957
3.0 0.607000156336309 0.6260633432694587 0.10952383042518898 0.3851251774851647
3.0 0.5447662452930608 0.6586246504039324 0.1118814414809669 0.37245673994574224
3.0 0.27683680796086696 0.7622929929930014 0.20035539731546745 0.4754140140139972
3.0 0.14729445078152484 0.8095050459921379 0.16764225208315192 0.3809899080157242
3.0 0.44548050244860465 0.7372512772215251 0.21676712638621198 0.5254974455569499
2.0 0.2815142072535141 0.8556557203933233 0.13853251409818412 0.28868855921335346
2.0 0.4521820913182687 0.8223261331610878 0.1348082156983086 0.313048562288731
2.0 0.15963709148971222 0.9083224035340753 0.11226135471979223 0.18335519293184932
