0.0 0.3386661552316909 0.31264247563966724 0.038563987918700304 0.06922410677812196
0.0 0.5807726577609532 0.24263806710484948 0.047873480773748645 0.06415231989300715
0.0 0.4976240818393334 0.29166297985135425 0.03353357183785449 0.0589045307636078
4.0 0.47621002469615015 0.31112220475620767 0.061101287337485655 0.09018977834964792
2.0 0.39962753456164757 0.36355552919875916 0.07499213495891249 0.16098290376729507
3.0 0.4831592042921542 0.3608807073954255 0.10479893999252171 0.21004493801060842
3.0 0.39861497966626985 0.4150654266241489 0.12514201555488735 0.3913023317804473
0.0 0.32589175475714593 0.4440035094898861 0.04648152590799981 0.08271991016897334
0.0 0.662227586143985 0.32091907933975183 0.05486301000143046 0.09002650258333322
0.0 0.5815021896967851 0.37835530058898503 0.056726422541892085 0.09494776150685763
1.0 0.2078842560045429 0.5627359795593019 0.042658971082363356 0.06224403390625988
2.0 0.3361149004618556 0.5576503592199193 0.10135205115010937 0.20242450206662765
0.0 0.10328496898162642 0.6742370614925792 0.061940965041713494 0.0968560872953208
3.0 0.33551844687256793 0.5962231983442771 0.1389296145208242 0.4217839803297698
2.0 0.5884221505005334 0.5036713187495528 0.08450066082074437 0.2068559443545852
2.0 0.24310458916715144 0.6474765480493534 0.08197426916936815 0.15717906893514755
3.0 0.6071076872004983 0.565406466204149 0.1485339685526783 0.47829049873787266
1.0 0.12597717235703418 0.7461285436654022 0.04787347343355369 0.06415226161632959
3.0 0.2446551327084049 0.7085088068323306 0.12514200098571793 0.39130232644875884
0.0 0.7785458040420892 0.5514822994569089 0.04656982415695332 0.06367518212210987
0.0 0.8243127119422597 0.535895839264352 0.04443405623553265 0.08621001021327063
3.0 0.14173141430746072 0.8170722037092504 0.11812257834076816 0.24671584781556744
2.0 0.14974100274432234 0.8211145822872742 0.0957544148414011 0.1579826786352423
2.0 0.9005898264644792 0.5730681626398475 0.09509883441781009 0.1429051088001413
0.0 0.5197024382051163 0.7322149768585525 0.05439907123749427 0.09621577183650243
3.0 0.8892807433784896 0.5969652328733592 0.1643092722659112 0.26785751896553356
3.0 0.764180448503448 0.6485578392622805 0.13572521327717546 0.2679953097857768
2.0 0.7673953314853584 0.6578416450636408 0.0916594025393993 0.16496274084372697
2.0 0.4690046580307816 0.7682020386696505 0.08485393778391792 0.130677257462257
3.0 0.48493554394013605 0.7972397965300874 0.17017190908698349 0.25516533593815405
0.0 0.37292493969889384 0.2652374902963601 0.051784370326872164 0.0655835370489119
