0.0 0.6728523676849534 0.18352540545801518 0.0172820399778133 0.03149978670739961
0.0 0.6333383930231375 0.19889321087461032 0.01795358313704376 0.03346980545652578
3.0 0.6332034527772218 0.2157880697939696 0.034787399544701 0.07736743970309595
0.0 0.7163391033647958 0.19611717223294883 0.016453854211139207 0.027698954008866794
1.0 0.8209217903692105 0.1715834180857444 0.018311846123112097 0.031778255233717995
2.0 0.6746529490889448 0.22612100426383014 0.031854622455816384 0.07836283334182759
2.0 0.6352622741322477 0.23677257737304902 0.028026859723142783 0.0630202511475769
3.0 0.6747196298518695 0.23921503785051654 0.04414245673591588 0.15143463720888556
2.0 0.7908095485040473 0.21063301997258696 0.028385125230073305 0.06132873038820885
2.0 0.8235172171584136 0.21115436427043063 0.028138520778111298 0.0702041990234451
2.0 0.7218389683083469 0.24192705453519442 0.03399249397217852 0.07983512460552808
3.0 0.7909262110059414 0.23354759408231812 0.040773035800145796 0.1532061507955216
3.0 0.7202434287494086 0.25406569209940333 0.04738863311215291 0.15410085914248764
3.0 0.8223299505275217 0.23114350090966831 0.04497070016903826 0.1552354711100385
