0.0 0.4800399172652121 0.36719788337849535 0.048572452707405345 0.0723774828242415
1.0 0.7795134419217283 0.4403877085859549 0.041908017699054945 0.0628580744159013
0.0 0.5807389339778213 0.4105158957657771 0.04967717544966932 0.06736165273780176
1.0 0.31222204674633763 0.35570338355595305 0.04906475597851545 0.0592936572846513
1.0 0.39623600966711886 0.38543590264525196 0.04746772996514126 0.07739331291068124
1.0 0.6587849034904811 0.45798521724230845 0.043421021583354036 0.06322092765469872
1.0 0.1946817046595792 0.3617431635222793 0.0492688987914317 0.06198302848197529
1.0 0.37326456474121616 0.4648139024178641 0.031112849937943554 0.05762876008170059
2.0 0.39590554208961026 0.531855314617817 0.07603492103773862 0.21890365168803966
2.0 0.777429736938884 0.630199337027746 0.10702765477563858 0.2553805907769995
2.0 0.5698414600667839 0.5845223578452629 0.10641523754638338 0.2473126248585547
2.0 0.28831984145083966 0.5183761131659911 0.10073540459645594 0.21162550630162347
2.0 0.46902226808472064 0.5630818587621089 0.1333612606605975 0.2696171491568267
2.0 0.6593970893391166 0.6224296145115925 0.09815377428276006 0.25589284254153893
2.0 0.18251732167228601 0.5422914946706472 0.11377611863876011 0.24643757892462842
2.0 0.3588667688774935 0.6037522256626309 0.08176280466839125 0.196514018924401
3.0 0.4772296164137484 0.6376149809149607 0.15004093274089847 0.6459107156071214
3.0 0.6560527417930262 0.6969306276509204 0.125760623380765 0.5608763899050193
3.0 0.7716957617615544 0.6944903177517766 0.16852129070916244 0.6110193644964468
3.0 0.39636772511083285 0.6373904836326412 0.1271055762812176 0.5981641722693555
3.0 0.5805464199432806 0.6870373825039294 0.1430522364776895 0.6125500854740116
3.0 0.2771282276557807 0.6252238516828496 0.14869591404533902 0.6086228304724619
3.0 0.15981007205457468 0.608041433347531 0.14624622943502746 0.5763507600557445
3.0 0.3454236962914702 0.6895228129149144 0.11885595148852984 0.5090532804417873
