0.0 0.5641666650772095 0.1320049725472927 0.07166671752929688 0.08966375142335892
1.0 0.9325000047683716 0.1743462085723877 0.0549999475479126 0.07471978664398193
0.0 0.12458333373069763 0.19115816056728363 0.05416667461395264 0.0660024881362915
2.0 0.3725000023841858 0.2285180538892746 0.1316666603088379 0.1631382405757904
3.0 0.38083332777023315 0.26214197278022766 0.2200000286102295 0.43960148096084595
2.0 0.5762500166893005 0.2708592712879181 0.10749995708465576 0.17559152841567993
3.0 0.19124999269843102 0.2758406102657318 0.19749999791383743 0.2552926540374756
2.0 0.878333330154419 0.29950186610221863 0.10000002384185791 0.18306350708007812
3.0 0.5745833516120911 0.3175591677427292 0.16083335876464844 0.4533001482486725
3.0 0.8333333134651184 0.3300124406814575 0.2749999761581421 0.39352428913116455
0.0 0.2954166531562805 0.0697384774684906 0.05583333969116211 0.09713573753833771
