0 0.5659335413983018 0.34064818807936614 0.07997245326590041 0.1268248887613374
0 0.7474540655070738 0.40374926061105443 0.0745011379696292 0.12244724875343665
0 0.8660079620879144 0.46143757794024914 0.07391437232330211 0.11420407092424723
1 0.41926363173289827 0.3276283575580348 0.06292172800760021 0.08662220807682364
1 0.3226145183474493 0.33146652496501094 0.0631675647200105 0.10819657006070443
1 0.19455475894242574 0.34104526942677904 0.077479960456703 0.10993104056561737
1 0.49469925025200046 0.5081908912201745 0.05447170394709372 0.09476075372812442
4 0.5691872773352282 0.6168526767849575 0.1280556874307215 0.36741352397061394
4 0.7275291689072207 0.6741967881697063 0.13376749988933756 0.3208068045709531
2 0.4042006865739569 0.577112739169292 0.11266488210281039 0.3142871607765601
3 0.5766091371702315 0.6437581511221504 0.17614949116971423 0.7124836977556992
3 0.7307260030212257 0.669528294284551 0.18630965314483527 0.6609434114308981
4 0.8546056972838806 0.7541752792659157 0.13919367353052436 0.37891649637356895
3 0.8643997160547799 0.6932610714705024 0.181961678538483 0.6134778570589952
2 0.30102969971876725 0.5873604657759283 0.1296653619953953 0.3356632447268287
3 0.40048449820163956 0.629319615613958 0.16945451083947227 0.7134290390421795
3 0.30200502989877226 0.6115311186098243 0.1676942139004907 0.6886995055546112
2 0.17751343783851073 0.5899184327245974 0.14583325007232845 0.3272217344580734
3 0.1854995756605441 0.6008102050297343 0.2011030958707577 0.6506497538623972
3 0.49194791302374363 0.7260744424954237 0.18619867498370252 0.5478511150091525
2 0.48679247557991556 0.761290234745784 0.11539789735740308 0.2801965997126702
