0.0 0.46259893473366853 0.3081485910279569 0.03382674106080824 0.04451239277322544
0.0 0.3168531955658085 0.3170016087539479 0.03720107206164874 0.044825533493146164
0.0 0.6264445292897367 0.31930821466894455 0.028071700889890416 0.04448609399548814
0.0 0.5443877105269612 0.32102289930932554 0.02387816939487697 0.03166570024558912
3.0 0.7063440895840369 0.3302560525158506 0.04911214714884049 0.14461061670383968
0.0 0.7423893056533353 0.34304166832698824 0.04196744576683464 0.0466335214996082
3.0 0.7858525468545599 0.3440339012981104 0.05531553611899398 0.16994376402666983
0.0 0.3849932829755607 0.35181987984287544 0.03442031556679165 0.04362200166120306
3.0 0.5421831989208982 0.3592885740496696 0.04009723106413898 0.10289091710000042
3.0 0.6255372296555374 0.36114050171511236 0.03813996639535411 0.11627864570150687
3.0 0.316356373140688 0.3655304509041638 0.048940927374327925 0.15800650698559643
1.0 0.6609686200110432 0.3648487982169873 0.036990499245707964 0.03887050772763123
3.0 0.4722427893692952 0.3663066410448509 0.051154103430966325 0.1729017793049205
0.0 0.562564641475318 0.3789930924799037 0.039788122441166585 0.04840976978974865
0.0 0.28017926041509 0.3854933948737381 0.04695720631619821 0.06064837839652004
0.0 0.4483756727614723 0.38919044889520626 0.04713749385350591 0.051718106987573675
0.0 0.17155354371385093 0.3989401425114727 0.05666739757007122 0.053845583929594654
3.0 0.2812597534593531 0.42895400510723425 0.041955817697677755 0.1386238509496293
3.0 0.39252004951150654 0.44243790928389354 0.060220403282949364 0.23992654324667695
0.0 0.3428098529543878 0.4435581749554717 0.04774013612228417 0.05529333474836168
0.0 0.24742284339876366 0.47748632309378286 0.05367853098018133 0.04787783240727339
4.0 0.7469501209169722 0.4878562854126798 0.08022771055151556 0.2221557501988496
4.0 0.8496893713519906 0.5074821803699558 0.07331514249310145 0.2384978067278925
4.0 0.6590785566967194 0.5090974406857176 0.08701131505398896 0.240048939737744
4.0 0.5653496885255205 0.5288768483508081 0.070064453550849 0.2012700253193484
4.0 0.4595806509927133 0.5320395410054273 0.07123939308437321 0.1935351237897211
3.0 0.7484359826018215 0.5354829471604639 0.09376682726185392 0.439541116830599
3.0 0.8511434958973154 0.5394791909639957 0.09470459530136266 0.41275208653856205
3.0 0.8567213307934938 0.5498735511809282 0.00657000905859062 0.010449604280986513
3.0 0.5614531753837733 0.5646197578900471 0.07647740700095207 0.42755398243096954
3.0 0.6531621106365697 0.5762578575439132 0.0916050350330122 0.4499509386513763
3.0 0.4627902363911639 0.5978185893739698 0.08544393226516123 0.445457236657466
3.0 0.17543297264476765 0.5991317094963061 0.09424833507777489 0.48122188096598006
3.0 0.35910857978811006 0.6027580134189732 0.10806028406979229 0.34434132796974354
4.0 0.3530996430860396 0.6243693830139414 0.07982173742165027 0.21768837719342138
4.0 0.25045103254211654 0.6493994385375299 0.0967535605326027 0.24902461369905615
3.0 0.24490468460387244 0.6544858375241543 0.10506037918047917 0.4306616892530701
0.0 0.6683331461977033 0.18008669327218718 0.03102186363090742 0.03140062369198607
3.0 0.6648632606453347 0.1815910930929306 0.020113037645156373 0.03432780544147368
3.0 0.6699046475719932 0.22101450301059988 0.05206170540057842 0.13122745238316946
0.0 0.7869174647401103 0.28210554180072617 0.03405000869624952 0.056719261118927666
0.0 0.7085322792533784 0.28395228168575837 0.02807835057453789 0.0477608771952579
