2.0 0.40034683460070813 0.46266147721053874 0.07716969736962587 0.13177936175629884
2.0 0.48491497412083795 0.49042207067522753 0.10525961908260056 0.20056473465374924
2.0 0.6031532024146448 0.5340685691047462 0.10195201626323525 0.17336630437919875
2.0 0.1702638253226798 0.4469063069589169 0.11083753555433763 0.19862064015112557
2.0 0.315381720178065 0.4996720366526535 0.10750520393828072 0.18647022629950888
2.0 0.7150209928545671 0.5987033983563628 0.07270829531702838 0.18780138967042181
2.0 0.7787357522909452 0.6318093817834152 0.13207913574579577 0.314682607503188
3.0 0.3861460982047822 0.5577254182876384 0.12799478431248645 0.4907614364641746
3.0 0.7069954658621735 0.6443589762299455 0.11021186311806963 0.5104999941067457
3.0 0.47776499958804786 0.599226197027119 0.18871434582622365 0.6220502258891119
3.0 0.5956079959441546 0.6308613920060312 0.17191913997083996 0.5507761936168967
2.0 0.06305764668924574 0.5177830408197517 0.12611529337849148 0.422207668747793
3.0 0.29539866437160495 0.5858105750871214 0.18338234710043075 0.5775202123322597
3.0 0.07008697189097059 0.5450162868061871 0.14017394378194117 0.7286061371087764
3.0 0.7577321688684713 0.6760134136695266 0.21852598318290306 0.6479731726609468
3.0 0.16308152029904285 0.5800257891118812 0.2007055401076086 0.7000033267472769
0.0 0.5087295983313704 0.3305047820647884 0.0637316108799324 0.057607740114374084
1.0 0.19988911633617878 0.2780366407744955 0.0625705598235978 0.07650684077410358
0.0 0.7940534685841316 0.4151443858777936 0.06330356729276099 0.07165310638430145
0.0 0.42333369770432283 0.34786550522421156 0.04073091280906194 0.04926393188452999
1.0 0.6246016837941684 0.4043822714205641 0.04684543847666689 0.058844220883790155
0.0 0.740003098529484 0.4302246488711726 0.049946245611055096 0.0686619389933335
0.0 0.34134363582556926 0.34691239585837114 0.06525212227371296 0.06068526611747804
