0.0 0.7621878286964956 0.3271879016832052 0.1124528232929668 0.11430400993829076
0.0 0.13673771123382855 0.37985257049706184 0.089499492628405 0.09086309691390126
0.0 0.591574389833097 0.3794444176476991 0.10069458973174228 0.09423447493994103
1.0 0.41739596599364037 0.42491986504797585 0.08793630801717323 0.11022660155262337
1.0 0.2656382018144595 0.44272097597166704 0.08080621896218393 0.09595844037697093
4.0 0.6127344520777294 0.6111212837325739 0.1602699531994608 0.2835215289021163
2.0 0.7985937667846283 0.6152108300362479 0.2284118871507128 0.3982551790444959
2.0 0.42046553105994444 0.6477974869873055 0.16630635671485283 0.3310683470247392
3.0 0.8113214048934774 0.6298703040159928 0.29471361187288925 0.721245244995021
3.0 0.1310999519800368 0.6619769097715754 0.22088243826512838 0.6760461804568492
3.0 0.608920576580442 0.6629014907973675 0.2199437378790427 0.6728336493601865
3.0 0.42468770824677227 0.6740597776324952 0.21834778422417717 0.6255220843115494
3.0 0.27131994176761554 0.7017013875376196 0.19799015459749555 0.5965972249247609
