1 0.23060654962672003 0.4959071472086862 0.08504355118656065 0.07830583534666058
1 0.38019832778762397 0.5213801319420848 0.07323479588111254 0.09635681371389987
0 0.09204067889872841 0.5861196855743493 0.07138896720250372 0.08786940454455805
2 0.5939782864583747 0.6038795098633671 0.04406340605758852 0.12909252495967138
2 0.5301143862531643 0.6358729839471997 0.04893298927155665 0.13514658759711962
3 0.5912318362838567 0.6605334616444398 0.07122336196085832 0.37650266317216846
3 0.5266284060068444 0.6710393068330978 0.07537727375195247 0.3617623287567294
3 0.24540912938575787 0.7269351801706759 0.1427211402164729 0.5461296396586481
3 0.1104969646942868 0.748940904859164 0.11272379237529336 0.502118190281672
3 0.4175358525583398 0.7336467351120448 0.1634102560376528 0.5327065297759104
2 0.24444519672697307 0.7956586221001336 0.10929150752447281 0.30882587226256086
2 0.4179562621737064 0.7997447815420343 0.10779611676879247 0.2879466922029055
2 0.1155640899716982 0.8375071818717494 0.08562794285156615 0.27586762941109166
