0.0 0.7749646284697117 0.36186738413410957 0.1139428918993528 0.11671021046080171
0.0 0.148507632325375 0.3337067859361786 0.0906837985647164 0.09277834501791837
0.0 0.6009709154704627 0.3918754722713823 0.10190922571411054 0.09640311274406682
1.0 0.4239868795618913 0.4146792699420927 0.0894086707952807 0.11207218099795696
1.0 0.27157313448280734 0.4128425473668241 0.08208064164925086 0.09766359100555755
4.0 0.6030300542260232 0.6250514097332333 0.1641710714401251 0.2867423881551383
2.0 0.7875706695766065 0.6530546097917668 0.23388600590059616 0.4028554958946724
2.0 0.4087724634308291 0.6367727994999204 0.17089772397541392 0.33434678231090204
3.0 0.7990294213820692 0.6529322001485539 0.3048329289273183 0.6941355997028922
3.0 0.11876705062504724 0.6258559178064662 0.23082608660217627 0.7045671385343013
3.0 0.5949922948798287 0.6688424212749768 0.22947888175979658 0.6623151574500462
3.0 0.4108197597899763 0.6634398580930425 0.2271884697200725 0.6294964938199223
3.0 0.2553121996525724 0.679506820341683 0.20668637535941092 0.6168550815116384
