1 0.5118421960432882 0.2845232698166981 0.09426390032539761 0.10275450010006146
1 0.16406200284061928 0.30578077364623923 0.08272973537316863 0.10232712785980186
1 0.3679896850724157 0.3060728023024691 0.08814794574911178 0.06595774116329844
1 0.14611541493259264 0.4278297132492542 0.0881542364990597 0.10461785495249576
3 0.5317027746423122 0.4308084385759726 0.176220498868356 0.4349223075185824
3 0.1911531900403206 0.505688335920464 0.14409870878298436 0.4807508223571478
4 0.5375766782025297 0.5127342765613676 0.14826815804571747 0.3053687114859594
3 0.37194231069563877 0.5225339510527637 0.200336441037819 0.4880589497079577
4 0.3626552452833566 0.5390974223909073 0.1624863508757406 0.3247030856399812
4 0.2061675292931443 0.5637311735428346 0.10171241055414329 0.28274655711765573
3 0.13768845120359333 0.6217284397280118 0.1783241020034823 0.46321153414401184
4 0.13142060805784522 0.6737581402949724 0.15669097063936177 0.34225100533638264
