0 0.5316781432297628 0.3746020874128049 0.04520239614551114 0.06450735690084758
1 0.2294767358452799 0.36152008544136266 0.038974672767599944 0.05607751255638982
0 0.4283747594525905 0.3886689932521144 0.04664650785611141 0.05915481754174856
1 0.6983626030260294 0.4110705734857416 0.04652343276500415 0.05101665690446894
1 0.6127537007716337 0.4164815308021134 0.04375828443491103 0.0698598962599466
1 0.3470571973915495 0.413287795981395 0.04050083483930095 0.056150433483184325
1 0.8138384047603917 0.45052163046464355 0.04656445839609846 0.05372941683897642
1 0.6282697654749392 0.5013781046299756 0.028250513085142592 0.05285433592588129
2 0.5998757242915354 0.5611018043592559 0.0641645085474104 0.2090838569645989
2 0.2144161661900172 0.5494710146649382 0.09361298316093858 0.24030933225682188
2 0.4234393978313371 0.5635303336874808 0.09348990852037514 0.23217120141110292
2 0.7072858351748577 0.5784500146803352 0.0899042574803619 0.19675989749076644
2 0.5248884338892734 0.5710922891935586 0.1196809032961888 0.2496871827115445
2 0.33162328478930536 0.5754314028624807 0.08449703636182698 0.2425845666305621
2 0.8095635618994288 0.632201212033433 0.10107969414887374 0.22982310569368958
2 0.629951865996282 0.642622061568807 0.07142621369992408 0.1850340449636877
3 0.5100657799699937 0.6423232290507961 0.11325608588292407 0.6315979880251883
3 0.3282058219030487 0.649921935126283 0.09371135851770296 0.5493412099411564
3 0.21143359756571614 0.6456998641432214 0.13041315307753426 0.6568145731871233
3 0.5899023067914035 0.6651406532732753 0.09275954672098796 0.5872463620578131
3 0.40362797722624966 0.6616697362914422 0.10818532774332096 0.5988264947444626
3 0.708697155475323 0.68710483881509 0.11420786653644655 0.5936927451103909
3 0.8260478324149769 0.7035706700888604 0.11371556482038547 0.5611400131865905
3 0.6354862796543119 0.7311137566357883 0.08987955729547503 0.4976535847462607
