1.0 0.9120486264958696 0.45877888328942634 0.12136357892499017 0.16553536509555522
0.0 0.783367340926579 0.4551686240430465 0.07310359999457505 0.08842827218206528
1.0 0.48121600429826217 0.3766829741674881 0.07278909490023366 0.13748656940260506
1.0 0.6791063603776302 0.44542602409574805 0.051670807101061755 0.08694054965985237
1.0 0.13704580844159614 0.293552787294468 0.09526210611031387 0.10751453971313213
1.0 0.5897225173582694 0.45034287011492735 0.06773330042671188 0.10395853539213246
4.0 0.667869921552998 0.5553536612714527 0.11081649934618365 0.185093427035795
4.0 0.7763522116225309 0.5937619832889164 0.08040909422327402 0.20080520800128238
3.0 0.7591648662276653 0.6439995742697322 0.1643741264129207 0.463550154563502
4.0 0.45977123428114314 0.5472259150919201 0.14040145915904068 0.27900089912400144
3.0 0.6599233659645993 0.6151344030173888 0.1731552410016678 0.4578532608957595
4.0 0.8835402811937545 0.697412035599777 0.20794132446438285 0.39446209312874847
4.0 0.5660400943737358 0.6569720045891978 0.15254507659279098 0.34674640262981027
3.0 0.8564867172904063 0.6888764757504392 0.2870265654191876 0.6222470484991216
3.0 0.4418219566395758 0.630846433289925 0.18355712082595138 0.6291219994745356
4.0 0.12459993466412161 0.5248199249160274 0.23428472198339567 0.377371402782152
3.0 0.12983368351627309 0.5262894803416901 0.25966736703254617 0.6304643832320437
3.0 0.5441356354191383 0.690418810548234 0.21265822960164021 0.6191623789035321
