1.0 0.28644631755038885 0.1358304860289129 0.06823739576046756 0.08694706155917932
1.0 0.1648102587543772 0.16216262440261445 0.07120962740301523 0.104803064860234
1.0 0.7310751753546156 0.2566206143867655 0.06649329785594305 0.09306599263400928
1.0 0.4491445209609216 0.21655934293165896 0.05847769508095818 0.09725517625022731
1.0 0.9379326601451266 0.3431034818462212 0.07064452094641116 0.11385621247836658
3.0 0.28744591208861 0.305208049420133 0.1569620469047941 0.4433199699681116
4.0 0.2900827698842374 0.35072808518848625 0.09791336963952207 0.2847031702435081
4.0 0.2943499094693009 0.3542081556788722 0.10606980364737537 0.27322110532414023
4.0 0.17467092215382002 0.37806784814861116 0.09994085597638214 0.2841169187464372
4.0 0.43847025070673573 0.424956406129069 0.1079109593934161 0.29912418276943076
4.0 0.7214129786208978 0.48610103801683247 0.1304970521653409 0.2982081238552526
4.0 0.8868265479885067 0.5189221215242813 0.10493452091101552 0.23097188546998965
3.0 0.44708830511188913 0.5579121104836531 0.17028645680099203 0.7637107618025037
3.0 0.8929469046627293 0.6342730048943672 0.18041893890046312 0.7004240381247184
3.0 0.15893300664074128 0.5219568201091382 0.18010289994470194 0.8649765485410768
3.0 0.7054405757288348 0.6140061687263779 0.19490090193349618 0.771987662547244
