0 0.38143281438572885 0.4957721259998311 0.0548834995713397 0.0506535624435453
0 0.29675325221546067 0.5386839502376608 0.05764492139473426 0.05808376267215187
0 0.5468671172297865 0.49904647225490417 0.05389379917280579 0.06308340110155636
1 0.649889886301854 0.4863162200928487 0.04530467523197901 0.04913553209032856
0 0.4756813254723556 0.5419777449087593 0.05257645107117581 0.06007760605295054
4 0.3879694308718483 0.6234939778751505 0.10426044266997897 0.16896207426576426
4 0.5605522434412122 0.6040559339337641 0.10353034836365904 0.1254921812338604
4 0.6616361451399883 0.5937908746236452 0.10286835749594658 0.15335769257229281
4 0.29982920848973127 0.6820598986073314 0.11561093452645257 0.19034019331339402
4 0.4823071819869391 0.664650239590852 0.0867252293944843 0.16058902567149602
3 0.3879855214488426 0.7083708031861073 0.13873993612275354 0.4848986455673513
3 0.5738090162371509 0.6861151324591823 0.12455340374594903 0.4434917584061246
3 0.6751719787297978 0.6729285741462766 0.1437111708001365 0.44652783787243355
3 0.48664711603124367 0.719349877707844 0.116217432466734 0.4323810331641318
3 0.3044335793563862 0.7518232732843794 0.14112166514757954 0.48807320881674077
