1.0 0.41944390112667473 0.2984982019239326 0.11059376041255198 0.10575104061580881
1.0 0.6451774791398253 0.23704426735362044 0.07282300080077475 0.060814264936822154
1.0 0.13796626787875182 0.3959195579247381 0.0951487948322717 0.095793258088472
1.0 0.5387179407793625 0.31320218098163866 0.06572374599207087 0.06926037118670242
1.0 0.2701005278681867 0.3971720825758329 0.08385912661236031 0.07297078101521776
4.0 0.8705413470762007 0.3393277604641676 0.2500350633778444 0.43553047693774094
3.0 0.8615532012264098 0.4536528929816579 0.27689359754718057 0.9073057859633158
4.0 0.6852337554191144 0.5359355106163415 0.22040587647020915 0.4601182237977341
4.0 0.1692154866728944 0.719477959513528 0.26137405664532926 0.520139636967625
4.0 0.43305786623117676 0.6426909114884732 0.2522676518565846 0.469737732900595
3.0 0.44175928483130356 0.6216960967554557 0.27237507139052775 0.7566078064890887
3.0 0.16125355815896508 0.6693866960379682 0.28387602860031935 0.6612266079240637
3.0 0.2871161348123497 0.6680018686131478 0.255169423747551 0.6639962627737044
3.0 0.7038937760196211 0.5752749522826799 0.26769858586533835 0.7691363758224261
3.0 0.5682416775608148 0.623885211661775 0.2203847951823809 0.7407323981878999
1.0 0.8232520973275993 0.04122524297136617 0.08460564476546129 0.08245048594273234
