0.0 0.26151763040396053 0.2018740687716778 0.12780168597991803 0.14467398002496099
1.0 0.7333811452776322 0.5090981441178781 0.040284387941276645 0.05934878243714092
0.0 0.38091039164652496 0.41100085290331173 0.06385285189700962 0.09344151522684352
1.0 0.5693667157403122 0.4859258534269507 0.04034735389351263 0.05276929954905296
1.0 0.4969803854571869 0.47924502350111514 0.03993916065298425 0.06319616433602071
3.0 0.24551919920032003 0.4875454222713981 0.24981033476627285 0.7653014884850398
2.0 0.7218144974399331 0.6557118219581571 0.07597024721902645 0.19639740779188908
2.0 0.48684703703559185 0.5889057432386142 0.060776197775221086 0.15711792623351117
2.0 0.5544909082673686 0.6222807924249882 0.08268182180064698 0.203867995249573
2.0 0.3746700792870731 0.6137189237714379 0.10475847212856587 0.2810342242469162
3.0 0.4696239094588559 0.6595378796515807 0.10766707765376293 0.4601851655311554
3.0 0.7119783250753033 0.7380123121720354 0.1243018184382636 0.5239753756559292
3.0 0.5471399953420127 0.7088439569196923 0.12224877709839799 0.5151049104793017
3.0 0.37335543104620084 0.6725981375671334 0.1602578639148461 0.602751312888419
2.0 0.23520719048456293 0.6373928273937913 0.21375225985566543 0.5383705871640934
