0 0.7455742498631445 0.220662388124369 0.1259998902415589 0.1363273891594363
1 0.2666178820796571 0.4909810543012658 0.03935536822344868 0.05693271798283922
0 0.6211610978237733 0.42032601614023 0.06239693079286668 0.08960211162428672
1 0.43104488187994294 0.4805569965552755 0.03959217598797887 0.050245171961803725
1 0.5035262815955504 0.4794990978844683 0.03890375865987994 0.060868912676423914
3 0.7545440694117544 0.5073028668254663 0.23361610814222122 0.7565293162631928
2 0.27457404342028413 0.6383525047638241 0.07199979217039079 0.19316162067134335
2 0.5109577514115536 0.5898415837649212 0.05759983373631261 0.1545292965370746
2 0.4425589949664225 0.6179362250155791 0.07862008108139368 0.20019189642248325
2 0.6224186393839498 0.6233351109676175 0.09901520157874044 0.2767319291628062
3 0.526430429371816 0.6617427808023069 0.09726416258146198 0.4584419429011257
3 0.282156941292455 0.7301312790279636 0.11200565921790073 0.5397374419440728
3 0.44777770706182224 0.7049872791494178 0.11063146435172999 0.5130098560639211
3 0.6222865223874535 0.6822602238870328 0.14693283577691196 0.5988714210742286
2 0.7611674271757454 0.657807606360788 0.2029543081111238 0.5290439978858141
