1 0.7720970511436462 0.2104557603597641 0.1525130271911621 0.10991957783699036
0 0.17937607690691948 0.213136725127697 0.14211437851190567 0.15281499922275543
1 0.576256513595581 0.27345845103263855 0.14558053016662598 0.12332439422607422
0 0.40294626355171204 0.32305631041526794 0.1351819634437561 0.1313672661781311
3 0.19757366180419922 0.5630026906728745 0.29636049270629883 0.8739946186542511
3 0.7768630981445312 0.5777480006217957 0.33708834648132324 0.8445039987564087
3 0.5641247630119324 0.6005361825227737 0.23223567008972168 0.7989276349544525
3 0.39514732360839844 0.6179624795913696 0.1889081597328186 0.7640750408172607
2 0.7863951325416565 0.6487935781478882 0.2833622694015503 0.5790884494781494
2 0.18630849570035934 0.7104557752609253 0.2911611944437027 0.5442359447479248
2 0.5355286002159119 0.7386059015989304 0.19930672645568848 0.5227881968021393
2 0.39948007464408875 0.7533512115478516 0.18370884656906128 0.4932975769042969
0 0.5866551548242569 0.7801608443260193 0.2010398805141449 0.2573726177215576
