0 0.717808619664964 0.5199422936514468 0.042476437433024095 0.05278597694761983
0 0.5784380311312383 0.5400782845577932 0.03848975288807932 0.05229617622806815
0 0.36930064451663436 0.568785825566649 0.04247637802691545 0.05278596964903515
0 0.29977846831315386 0.581846817760844 0.050612850328660475 0.056758569653806545
0 0.6516842032856343 0.5401184929509028 0.044469690596333655 0.0530308663595187
1 0.508734717939656 0.5682267773416785 0.04430670619669552 0.05003788239102014
0 0.43545247499543616 0.6043475078531768 0.046952431613534795 0.06225477336417551
2 0.7243327546138367 0.6396623550903828 0.06860772927680181 0.16896903755439385
2 0.5133651257012846 0.6716077356185738 0.07429759399460928 0.12804665177556096
2 0.5832950599344033 0.6660292398385488 0.07560253850166865 0.15199065489807417
2 0.6551367848340668 0.6587093444159138 0.07877358817511992 0.13751544819211658
2 0.3730794027857231 0.6933626778122883 0.07011179161676284 0.16023494586645803
2 0.3083774642000413 0.7028184223660219 0.07625483253687254 0.16396263456357651
2 0.43866037202303143 0.7184488651189782 0.0774327478592316 0.1492425530428897
3 0.7310741270436893 0.7081339733857285 0.1048875536888697 0.43504693045363435
3 0.6554088505139906 0.7189366644442908 0.08446488073468839 0.4236189384574567
3 0.5867202273833639 0.728882209717576 0.08296075898861877 0.43235302284680766
3 0.30889421440080234 0.7675352365936086 0.09309066267199911 0.43657053415923186
3 0.37982080491863 0.7618342924583417 0.08312386220047396 0.4353460214124757
3 0.5204326748517933 0.7460653546945478 0.08828840266166915 0.42111573331275576
3 0.4474947379883013 0.7700916946956564 0.08600495769569555 0.37921375339340413
