3 0.6457071436688155 0.2924017438614165 0.2059654867414168 0.584803487722833
1 0.5435113972961279 0.33723227139315953 0.2001337103278411 0.22878815681591658
1 0.7815086028677625 0.3113475080308744 0.14285113332980115 0.17962070096631963
1 0.8810997752759984 0.3002554664348261 0.11952277988096205 0.1477787116068646
3 0.7761353485757367 0.4048361058083602 0.24344712149898096 0.4197801314692141
3 0.9109201510043943 0.40855720948142876 0.16968333385169299 0.3668944400328279
1 0.30671666977543144 0.5473984733095507 0.3321982988412302 0.43738684229867786
3 0.5754805749410922 0.5468059984695377 0.30033086580995066 0.6657834295927298
3 0.25212060818843823 0.6684929455078178 0.5014528846327145 0.6630141089843644
1 0.6482180467539489 0.04683053397161178 0.07584059877519389 0.09366106794322356
