4.0 0.8538643142122251 0.0725045674793697 0.11068604813540783 0.1450091349587394
4.0 0.14468328433681382 0.365479508310664 0.10697776372485528 0.1716048889627267
4.0 0.07479732206246534 0.40919769054347493 0.08597806651626735 0.18020299168357545
3.0 0.8639817582536362 0.16022884432289208 0.16293240606524018 0.32045768864578417
3.0 0.15135731998210103 0.409699891125492 0.14766470250599734 0.3930260187364418
3.0 0.0834340824838121 0.446181578688951 0.12953106103055684 0.38587434361224815
4.0 0.3772292824986003 0.34646857724573704 0.26431791667853943 0.41652574708482926
3.0 0.4069000646467143 0.4850180479211041 0.4112178075327021 0.9442910410436861
1.0 0.3970966051347958 0.08498318832717232 0.10656109039468165 0.12642690812125532
1.0 0.13542151423596543 0.2511930687157288 0.049198800622783354 0.055976964795535655
1.0 0.06659500468906349 0.30095583765489414 0.038169138555088265 0.057253707832632394
