0 0.7081817984580994 0.40735694766044617 0.12909090518951416 0.14986377954483032
0 0.12545454502105713 0.47002723813056946 0.06909096240997314 0.08446866273880005
1 0.8354545533657074 0.47683924436569214 0.06727272272109985 0.10354220867156982
0 0.471818208694458 0.4850136339664459 0.06363630294799805 0.08174389600753784
1 0.07090908288955688 0.5 0.08363640308380127 0.10081744194030762
2 0.4781818389892578 0.6580381393432617 0.11636364459991455 0.23160767555236816
3 0.6563636064529419 0.6648501306772232 0.24727272987365723 0.6702997386455536
2 0.31090909242630005 0.692098081111908 0.12000000476837158 0.21798360347747803
3 0.08727270364761353 0.7016348838806152 0.1345454454421997 0.5858310461044312
2 0.09363633394241333 0.7029972672462463 0.1327272653579712 0.2833787202835083
3 0.4763636589050293 0.7220708578824997 0.12363636493682861 0.5558582842350006
3 0.31909090280532837 0.7370572239160538 0.15090906620025635 0.520436018705368
2 0.718181848526001 0.7724795937538147 0.24000000953674316 0.4550408124923706
