0.0 0.18184201519470347 0.4616656868195642 0.06598827918598765 0.09595674709924212
1.0 0.807435907799124 0.5098063574002067 0.04587353935367389 0.06687090154127329
0.0 0.5883080495654113 0.5199097433940433 0.05103588674778825 0.08939567730185677
1.0 0.2813372289705538 0.5066602444836593 0.05863344045875646 0.08021193083605233
2.0 0.8008424949469769 0.6344491446175102 0.07306709254578458 0.17127378612578592
2.0 0.588770610320846 0.6436429002098749 0.09702538640889724 0.19784967960530564
3.0 0.7817510756900892 0.6859661674442068 0.1365759985359133 0.441677356563088
2.0 0.1914389122046039 0.6513461688828694 0.09432117250128666 0.21706724619092632
3.0 0.18021057257617112 0.6644809833816048 0.12215807651747843 0.49612950230750524
3.0 0.5828311960038852 0.7016147099277316 0.12150050953294655 0.4655963860801122
3.0 0.29866438260814027 0.6822728823552501 0.1336326111995214 0.44979203271491724
2.0 0.29455176559440904 0.6917223279403091 0.11509708171681152 0.24065481842852876
