0.0 0.45631249168966265 0.38657573486663277 0.050500067091006406 0.07713906534221421
1.0 0.7524183082861617 0.2784382256896493 0.043588184676566555 0.0669572776711079
0.0 0.5593818428945306 0.36785537146235414 0.05137268912726034 0.07237832855348869
1.0 0.2959088688160023 0.47501003438648726 0.05043958408348276 0.06440796754806283
1.0 0.3807006102519157 0.4533487486881812 0.04962744505475264 0.08189980213093978
1.0 0.6418667509590483 0.36645020367902553 0.04508287901923225 0.06751013433752806
1.0 0.1861997503759658 0.5502371351066424 0.05075062365252883 0.06706479345292815
1.0 0.37390101267443043 0.5417907025053175 0.03281428812470172 0.06043048427859443
2.0 0.4078038655649275 0.5916170414095214 0.08342658340599773 0.2240303942839761
2.0 0.7859928244376928 0.4586623072652103 0.11524728347939828 0.2637594197629931
2.0 0.5816857319468913 0.5383890890908535 0.11431418185146092 0.2557890879348599
2.0 0.3038272836155849 0.6425491149983684 0.10728132659029355 0.22014504632086573
2.0 0.4825992991240705 0.577810932878869 0.1415903124735009 0.28112841644317277
2.0 0.6732338377206415 0.5211583393685065 0.10659015699245067 0.2630991056693379
2.0 0.20853381916166308 0.7276892507055046 0.12147662082742303 0.2558966037166801
2.0 0.38633812091815056 0.6813259676435819 0.08810086352884361 0.2028836961227033
3.0 0.5042940217819484 0.6432402086605175 0.17348870816777584 0.6513131215058117
3.0 0.6840293546606808 0.5933908039020195 0.14622125360006843 0.5649750931611819
3.0 0.7985292851399662 0.5524255885411622 0.19272971600717503 0.6813056202595777
3.0 0.42799961249963847 0.6908627925192027 0.1490810483230844 0.6016172447943182
3.0 0.6109748906252244 0.6287276892057382 0.16527219471714882 0.6177730199529703
3.0 0.31327931543968773 0.721295524113054 0.1706288448426545 0.557408951773892
3.0 0.199431702186416 0.7558645287798449 0.16689641442002418 0.4882709424403101
3.0 0.3897206508603055 0.7567321882283327 0.13732218825134618 0.48653562354333457
