1.0 0.7960464740639062 0.2735586926326946 0.16110009061279418 0.14249713971787165
0.0 0.2091577986913929 0.14522201040624497 0.15476965865877626 0.1826544764326598
1.0 0.5963962582853866 0.29263476069269906 0.15547668897779843 0.15423238689327168
0.0 0.4202832092558075 0.30342264724678897 0.14592757571958115 0.1598946958714255
3.0 0.19485729830818077 0.4955208198530814 0.3740371946737925 0.9305246042003001
3.0 0.7668428299459138 0.591484025691437 0.41162371002236464 0.8170319486171261
3.0 0.5541821067520002 0.5963241405645874 0.3036374241496062 0.8073517188708252
3.0 0.38532858741450604 0.5935802361891627 0.25753558360625 0.797985787544444
2.0 0.7697157655028989 0.6963373104337913 0.3339366216510746 0.6073253791324174
2.0 0.1700898456355905 0.6389718102494669 0.33843679013182215 0.6029994290758551
2.0 0.5131280205204957 0.7316370557086089 0.24554374952645103 0.5367258885827821
2.0 0.37711324243902045 0.7285377336924549 0.22738229817825767 0.5288368133357051
0.0 0.559892385933599 0.7964376813027836 0.22274701081426834 0.2991620022618724
