0 0.5613018480522733 0.3225232787281677 0.03886292451862494 0.05338999535907962
0 0.7031908794282861 0.3732662453854901 0.04221044255959083 0.054670610677713505
0 0.3990849267493731 0.2861964941302383 0.0332187227536932 0.0517035577127149
0 0.47938960584911683 0.31155684177935483 0.027464551652426783 0.03792751299481861
3 0.31927363395435526 0.27388469800785537 0.06667982040408826 0.1559124606342804
0 0.28226213417215784 0.2760306331909406 0.04711405068812913 0.05781809213950595
3 0.23948327692083 0.2644629204605148 0.07600837789452164 0.1825328992958965
0 0.6318588026071081 0.387772362189563 0.039330551286265614 0.052688554780789765
3 0.47664652652552403 0.34974408172497384 0.05249440854012033 0.11241937812347108
3 0.39461154780065594 0.3275094320028421 0.05229259290123933 0.1249766395739706
3 0.6974560559413331 0.4210322465322782 0.06822965157306804 0.16899309868309093
1 0.35936630545154935 0.32092467342992004 0.04124048100256078 0.04877300179078509
3 0.5443810516825369 0.3768125618644472 0.07230875541120774 0.1842313812367713
0 0.4541191620306405 0.36319953738508126 0.04520573148411272 0.05893022986690216
0 0.7303979688179976 0.4510614020630884 0.05380180635597209 0.0729946534971671
0 0.5648683251805194 0.4061559612756537 0.052833455311220634 0.06429362934763005
0 0.8352711426332682 0.4956012551953841 0.06244702540366187 0.06912881234119944
3 0.7237651324987822 0.4933986746259834 0.05889793151450329 0.14797950801295584
3 0.612853542204739 0.4745263759853613 0.089789207083523 0.25254216867334933
0 0.6614918380956292 0.48996971295437197 0.053882562203089734 0.06797180266861363
0 0.7507473842772392 0.55078844715658 0.058752289032988125 0.06241703673229937
4 0.2592183536367792 0.416825030099133 0.10712090828199664 0.2408973210588029
4 0.1558811656494489 0.40643879729751514 0.10244093971585876 0.25492039029088753
4 0.34272551269334445 0.4630250801275171 0.11606419760294218 0.26039287575112097
4 0.4321680249981992 0.5094808168028827 0.09448132665390307 0.21749339425824438
4 0.5355564998883561 0.5431043566805949 0.09464116161819014 0.2102510319410562
3 0.25165354714388766 0.46313358963332485 0.14826500789602964 0.45787542538400827
3 0.15035153765104572 0.43741872279835625 0.14574921222250342 0.43188863155861595
3 0.1435450951494683 0.4460094876197721 0.007779498468758195 0.012138055020156358
3 0.4314088207016001 0.5456806311421103 0.12978168237209786 0.4411371850562248
3 0.3399201691856255 0.5306385852086526 0.14748088929043324 0.46745485951804566
3 0.5239726437546044 0.6067289466263159 0.140865891484119 0.46127251188292484
3 0.8057955770314942 0.6909351352645177 0.15408133791043532 0.4988679562785926
3 0.6250848599345401 0.6414937085896653 0.15006806254208982 0.368689390961679
4 0.6282105791564166 0.6644354120293072 0.10615017457766207 0.23640145776452381
4 0.7257330261746504 0.7186175587310877 0.1267639730298279 0.27200161971035053
3 0.7305236485397884 0.7252093950575116 0.15819586525746165 0.45243104459845906
0 0.3758294988555305 0.13748766108208266 0.03443248838544166 0.03972906447225863
3 0.3790416955636985 0.13996521197256484 0.024115481555608553 0.03945033040505724
3 0.3690395787189158 0.1771977476661533 0.06785482250517832 0.14364600677370531
0 0.246378699463626 0.2033836917614484 0.04064695514507735 0.06541904032242063
0 0.32306337517318595 0.22781417058047193 0.03364514099404442 0.054915270675087086
