3 0.8687319520135206 0.8619941767490295 0.13958907227844497 0.2760116465019411
3 0.7793773771733855 0.8547422297538925 0.213880889648707 0.29051554049221506
0 0.5746596469390061 0.8764351237939552 0.10460964875747947 0.14240782809057273
0 0.584902210630361 0.9209601799632616 0.16450980131109116 0.15807964007347663
0 0.4210076061076603 0.9604865346175624 0.13493465989179237 0.07902693076487521
0 0.7589988461114008 0.38644648105460583 0.08959585427907424 0.10534443610039401
0 0.5020004636929624 0.32422297743518347 0.12831854850434987 0.17401955664971802
0 0.6433601050509836 0.37912990695940074 0.09524640172405241 0.11387860683002365
1 0.28268964925875084 0.2854231586917518 0.11144660589774963 0.17731282926052397
3 0.5605760216066398 0.3598981318115524 0.03787768379458145 0.08957989988541826
1 0.33476707693126406 0.327992439463058 0.06434682109423434 0.15713332258558538
0 0.9816228599733392 0.5370497738029137 0.0367542800533216 0.07695536294716215
3 0.41478834875873516 0.4075092250678227 0.14042815715224005 0.2504592965881402
3 0.33148818613098935 0.39487897000200317 0.10192193798032945 0.33677885435898014
3 0.7582476480295011 0.5535695625604939 0.1832057378508708 0.4589442955575528
3 0.2171867546015434 0.44668371986942207 0.25356633876881407 0.5310408272580246
3 0.6417843285259028 0.581221486396851 0.1717702067164315 0.5333945094148002
1 0.05258158028680659 0.43915787084970404 0.10516316057361318 0.18918999823392585
3 0.5018296035354535 0.5955604143026023 0.22586713233999733 0.7188097756145061
3 0.07873052264229749 0.542042985641908 0.15746104528459498 0.5257215162318253
3 0.9418612942040521 0.7397361767865339 0.11627741159189575 0.5205276464269322
0 0.8772930097518621 0.7927412850888724 0.0971659961484066 0.14255577190037305
0 0.7943499189624055 0.7963011268216574 0.12554443161605178 0.15004665768822134
