1 0.7867185467016129 0.372329669020102 0.04947764287504064 0.0648906498642674
4 0.5733229120532759 0.332555086273372 0.1375869484276918 0.3165413750889595
4 0.7916768048950561 0.5561961017467565 0.13634857172438797 0.2883580304556923
3 0.5579174559973654 0.49090832343747565 0.22319930812021732 0.8787910919604017
0 0.6635940686711599 0.6082048093627672 0.06506086517131282 0.09898053206770119
3 0.7822013355798907 0.6575360645720087 0.1983026713103101 0.6849278708559825
3 0.6357650456795417 0.7061045942539081 0.14183860476838972 0.3664197504618397
0 0.44310180339545346 0.7967419750287819 0.07749959725987637 0.1666682261594784
3 0.36706042132552197 0.7878305424372265 0.23674324709722702 0.28999029963829537
4 0.34548527661934086 0.7980517473416522 0.11357376042306722 0.21160158455254807
0 0.6065126300909082 0.13343317846793198 0.06277292069059848 0.10646077989569774
