3 0.6540834478417272 0.29677057367418064 0.18430531346254608 0.5935411473483613
1 0.5498404799006544 0.34136847080046967 0.1940008718075671 0.21400583842887064
1 0.7884413049588329 0.33660063139313345 0.1378018603286213 0.16933736677846728
1 0.8882953129617719 0.33434553086114754 0.11540137882898238 0.13913349632200123
3 0.7793986224546292 0.4294504933355949 0.23016213748623582 0.4041220516285432
3 0.9138019994046482 0.4450986842985518 0.15736433257220572 0.35720104144967957
1 0.30518852186030654 0.5302029164065803 0.31964596628262626 0.4137963194514316
3 0.5735071473008568 0.553407289701578 0.27785168705849006 0.6488959254126105
3 0.24433352203416767 0.6658969478422484 0.4790655463916213 0.6682061043155032
1 0.666187410907723 0.05250648218530205 0.07240238029617041 0.1050129643706041
