1 0.4786735414640294 0.19198052529983356 0.05374268626323481 0.08131414113274921
4 0.4030989576671283 0.23982568382761926 0.08892201030684077 0.2167758430773793
3 0.39901632445247076 0.2438141906347937 0.11521863568474988 0.3737959303588534
4 0.5773210149096879 0.29358140388152587 0.14413982801964054 0.2704769556163334
3 0.5869987208775398 0.42634683275690866 0.17162220639376324 0.7195094923153997
3 0.7597701060979684 0.43757805737533484 0.1333669416821408 0.25310387816469393
4 0.8282735530244509 0.6385567404887503 0.08723404245320165 0.18709666725805052
3 0.8195931929708837 0.6706616083666815 0.18445106621652618 0.2603279475679525
1 0.4071900642027859 0.09313638958889986 0.046052070487122565 0.06230628310973572
1 0.5833874040348979 0.11803030216596383 0.06206978771625782 0.08188934715385338
