1.0 0.7452194127034263 0.15778945748263595 0.16051015582241646 0.13989127828968423
0.0 0.1578379461712337 0.28061280494099716 0.15383537874257214 0.1803085416983838
1.0 0.556405756470161 0.2599525377591821 0.15477313456534192 0.1517750123213267
0.0 0.3887923757436613 0.344258720674755 0.14514566536372525 0.15764035514348873
3.0 0.2055198731514401 0.5802511600553683 0.3678507706908585 0.8394976798892635
3.0 0.7810620389529056 0.5209474610939773 0.4057288355762212 0.9055596648995281
3.0 0.5720892843739269 0.5835545715064868 0.2979192255307875 0.8328908569870264
3.0 0.4060457075650497 0.6201554189369546 0.2520126489716884 0.7596891621260908
2.0 0.7965309717030709 0.5894477716509722 0.3299796565206211 0.6315412170402965
2.0 0.20684437395962868 0.736475841194561 0.3347585442380624 0.527048317610878
2.0 0.5554372964789209 0.7250010958714834 0.2418792512953853 0.5499978082570331
2.0 0.421811474865157 0.7542007083728968 0.22391740650540354 0.49159858325420647
0.0 0.6096434840665558 0.7601763197792659 0.22111095067464276 0.2959106072780283
