0.0 0.5541851901777363 0.31738678156443967 0.037467012978413816 0.050868943532105415
0.0 0.6978289554054635 0.3554301550692784 0.04083616292678316 0.05185668795253173
0.0 0.3908185704985826 0.2955409201977398 0.031766123767381804 0.0496870995484876
0.0 0.47198373565408397 0.3137196013173812 0.026469649408832785 0.03615036457151788
3.0 0.31066124361204056 0.29034402089731304 0.061535276752695545 0.15305430917456528
0.0 0.2737995025313743 0.29577560352606025 0.045717092157362194 0.05460417302027798
3.0 0.23063894947838443 0.2880302031871031 0.069938534560297 0.17938460475495324
0.0 0.6271950544804594 0.376250468282015 0.037975300449805016 0.050106502987065926
3.0 0.47075358023429326 0.35208355814225356 0.04888573230850146 0.10993368190374703
3.0 0.3879845960269648 0.3371788659733358 0.048142423405420465 0.12279689779598774
3.0 0.6939905990644898 0.40362194089101916 0.06256120729291648 0.1662843038120584
1.0 0.3525412139179389 0.3337381132092204 0.040096221858007486 0.045917833349798765
3.0 0.5394381291288437 0.373084550555973 0.0660818738399287 0.18147781458664175
0.0 0.44879717319479084 0.36751751086852713 0.043717678577062824 0.05592530310106375
0.0 0.728060572956731 0.4306706202437234 0.05190857458725828 0.06948355422341168
0.0 0.5610482580204996 0.4005555910315902 0.05129014134638543 0.06067716006419732
0.0 0.8345085230217173 0.46581158004493445 0.06091634813104163 0.0646976727900005
3.0 0.7231113876278874 0.4735230243941737 0.053914992873041245 0.14568909958487164
3.0 0.6116493008305524 0.4645412015954616 0.0810405596755468 0.2496654029878974
0.0 0.6608120581354628 0.47563465791943116 0.05220592611712471 0.06433831999743655
0.0 0.752312704933894 0.5284139299724836 0.05742426721840144 0.05818824667071715
4.0 0.25635650673571053 0.43837072383126896 0.09926561956827054 0.2360872125466722
4.0 0.15279065292610505 0.4371868820827495 0.09387930274354235 0.25088056373134854
4.0 0.34154153653198777 0.4770678803499938 0.10757944382322393 0.255167115846111
4.0 0.43266159182756003 0.5154927667189565 0.08733826289679292 0.21336540540290377
4.0 0.5371963394438231 0.5398685411413771 0.08781139364606422 0.20594240522366436
3.0 0.25063382388293615 0.4852702687468777 0.13207161880428164 0.4540575863333737
3.0 0.14849420926129248 0.4686038400852654 0.1306094872432763 0.42771988208182476
3.0 0.14203899215997395 0.4777844414630655 0.007438048940052733 0.011666495522768772
3.0 0.4333333385611167 0.551696470893194 0.11388218087122803 0.438715840684676
3.0 0.3414113400814486 0.5448119489376552 0.13086003732467455 0.46393105397075546
3.0 0.5281455179692528 0.6044108960989473 0.12435842360914912 0.4582441190425262
3.0 0.8127989345666454 0.6634220134196809 0.13626802426505424 0.4954258621888452
3.0 0.6304530747133121 0.6301281917605868 0.13772898249487453 0.3626629862254459
4.0 0.634479326512456 0.6527517982135227 0.09846495682682266 0.23158216336406523
4.0 0.7339702586064523 0.6981714146908207 0.11802703644421453 0.26601123826489015
3.0 0.7390127936860711 0.7043259033624811 0.14246185758690533 0.4475334436773054
0.0 0.3617311222029369 0.1491601322636445 0.03351955733207479 0.03732258158951088
3.0 0.3650355211252968 0.15134784564953416 0.022979050676092794 0.03803017194781144
3.0 0.3565213750985069 0.18940392598657652 0.06326154509987142 0.14039489829386076
0.0 0.23511009500021884 0.22644542559250602 0.03877744809066638 0.06300081518701586
0.0 0.3126248925389499 0.24401760092459854 0.03206495475763532 0.05293106929632324
