0 0.46419246179172813 0.37816328758085793 0.04713457657984882 0.06896118672834167
1 0.7654250459484593 0.33323824293057036 0.04065594335921341 0.05991545313808716
0 0.5677833642006176 0.3813124439231163 0.04839263507347369 0.0637876546331756
1 0.2990187118807605 0.4321438367610531 0.04799816360201914 0.055676804780440015
1 0.38465743158135746 0.42851810589276496 0.045876518086224116 0.07413471882350792
1 0.6497793979481243 0.39731323176979483 0.042176983796508694 0.060149174072467004
1 0.18506297526830234 0.48370193060328737 0.04812965601790564 0.058380460986796445
1 0.3720021381285022 0.5149012742583459 0.029877169326311903 0.05557578008265601
2 0.4023394650290193 0.571525736439251 0.07083502701279948 0.21482399568206845
2 0.7867319703286006 0.519270072858502 0.10118131188982726 0.24900454396408728
2 0.5785461338724589 0.5553453924548762 0.10078684186242404 0.24089372380293533
2 0.29569752593510534 0.6001694124073796 0.09603537979802693 0.20527916693371062
2 0.477528137404277 0.5735914770379889 0.12743359100568524 0.2610886976423298
2 0.6705977413077735 0.5575438144444181 0.0921865616819425 0.2503058745641653
2 0.19539389060184026 0.6646107704765283 0.10826055452111602 0.23935873165164445
2 0.3750370524081579 0.6560738436008634 0.0772569364393485 0.19166012842839564
3 0.4947020360089458 0.643133967941354 0.13380539760759103 0.6404294876443772
3 0.6764952957469033 0.6315427988953962 0.11160813248613244 0.5565162100133978
3 0.79292093304579 0.6150149447406456 0.1517203147713173 0.6673329469139113
3 0.4157676398466329 0.6743296899988953 0.11192795843427411 0.5941331118279223
3 0.6015980598972375 0.6512229114738732 0.127664386077734 0.6072848363555456
3 0.29791507310353965 0.703687724182499 0.13348550794412872 0.5926245516350019
3 0.18132062568128932 0.7262041206960274 0.1319076177261573 0.5475917586079453
3 0.3724658183606668 0.7449932713861932 0.10606772747882642 0.5046799534387023
