1 0.6294444501399994 0.25363636016845703 0.08333331346511841 0.08181816339492798
2 0.45222222805023193 0.417272724211216 0.15333330631256104 0.40909092128276825
4 0.2894444465637207 0.4618181735277176 0.14777779579162598 0.3854545056819916
4 0.8194444477558136 0.4954545497894287 0.16333335638046265 0.39454543590545654
2 0.6311111152172089 0.4954545497894287 0.12888890504837036 0.281818151473999
3 0.4483333230018616 0.5118181705474854 0.23222219944000244 0.9763636589050293
3 0.11500000953674316 0.530909076333046 0.1499999761581421 0.9381818473339081
3 0.27444446086883545 0.5409090965986252 0.16888892650604248 0.9072727262973785
3 0.8083333075046539 0.5618181824684143 0.20777779817581177 0.8763636350631714
3 0.6533333361148834 0.6100000143051147 0.18000000715255737 0.7799999713897705
1 0.4700000584125519 0.0672727320343256 0.09111112356185913 0.06909091398119926
1 0.13277775049209595 0.10636364296078682 0.07666671276092529 0.0745454654097557
0 0.2844444513320923 0.1390909105539322 0.09333336353302002 0.11818182468414307
1 0.79666668176651 0.15090909600257874 0.07555556297302246 0.06545454263687134
