0 0.37317711114883423 0.09999999776482582 0.13385415077209473 0.15740739554166794
0 0.7049479186534882 0.1865740641951561 0.14427083730697632 0.15648145973682404
0 0.07552081346511841 0.23749999701976776 0.10104167461395264 0.18425926566123962
0 0.5223958492279053 0.27407407760620117 0.140625 0.2092592716217041
3 0.8585937321186066 0.46574074029922485 0.2776041626930237 0.894444465637207
3 0.6919270753860474 0.4870370328426361 0.1911458969116211 0.8203703761100769
3 0.3098958134651184 0.5148147940635681 0.30937492847442627 0.9314814805984497
4 0.8492187559604645 0.5208333134651184 0.28281253576278687 0.6287037134170532
3 0.11250001192092896 0.5782407522201538 0.2250000238418579 0.7861111164093018
3 0.5348958373069763 0.5782407373189926 0.24479162693023682 0.8046295940876007
4 0.30651038885116577 0.6601851433515549 0.2744791507720947 0.6351851522922516
1 0.836718738079071 0.06898148357868195 0.12343752384185791 0.1379629671573639
4 0.06979167461395264 0.6990741044282913 0.13958334922790527 0.5833333432674408
4 0.5489583611488342 0.7097222208976746 0.24166667461395264 0.5805555582046509
0 0.8679687678813934 0.8518518805503845 0.16822916269302368 0.2648148536682129
