0.0 0.5370113253593445 0.3079785704612732 0.03373682498931885 0.04435843229293823
0.0 0.6827743649482727 0.3161655366420746 0.03711056709289551 0.04465615749359131
0.0 0.37318915128707886 0.31988686323165894 0.02798175811767578 0.04435843229293823
0.0 0.4552490711212158 0.321226567029953 0.02381420135498047 0.03155702352523804
3.0 0.2933121919631958 0.3311997652053833 0.04881918430328369 0.14438819885253906
0.0 0.25729310512542725 0.34415003657341003 0.04187333583831787 0.046442389488220215
3.0 0.2138320803642273 0.34534087777137756 0.05497121810913086 0.16969335079193115
0.0 0.6147052943706512 0.35129502415657043 0.034332215785980225 0.04346531629562378
3.0 0.45753127336502075 0.3594819903373718 0.039888858795166016 0.10270911455154419
3.0 0.3741813898086548 0.36171481013298035 0.03790438175201416 0.11610597372055054
3.0 0.6833697259426117 0.3646918833255768 0.048620760440826416 0.1577850580215454
1.0 0.3387576937675476 0.36558499932289124 0.03691208362579346 0.03870201110839844
3.0 0.5274856090545654 0.366180419921875 0.05080366134643555 0.1726704239845276
0.0 0.4371899366378784 0.37927955389022827 0.039690375328063965 0.04822862148284912
0.0 0.7195872068405151 0.38448941707611084 0.046834707260131836 0.06043463945388794
0.0 0.5513990819454193 0.3889550566673279 0.04703313112258911 0.05150341987609863
0.0 0.8282397389411926 0.39743971824645996 0.056558847427368164 0.053587377071380615
3.0 0.7185949683189392 0.427954763174057 0.04167497158050537 0.1384340524673462
3.0 0.6073625683784485 0.4419470280408859 0.05973398685455322 0.23965469002723694
0.0 0.6570748090744019 0.4428401291370392 0.04762852191925049 0.05507594347000122
0.0 0.7525302767753601 0.47633223235607147 0.053582072257995605 0.047633200883865356
4.0 0.2530263662338257 0.4889848232269287 0.07977771759033203 0.22179222106933594
4.0 0.15032744407653809 0.5090801119804382 0.07283186912536621 0.23816609382629395
4.0 0.3409406542778015 0.5098243355751038 0.0865250825881958 0.23965466022491455
4.0 0.43470925092697144 0.529175341129303 0.06965672969818115 0.2009526491165161
4.0 0.5404842495918274 0.5318546891212463 0.07084739208221436 0.19321227073669434
3.0 0.25163722038269043 0.5366180539131165 0.09287559986114502 0.43911874294281006
3.0 0.14893829822540283 0.5410836189985275 0.09386777877807617 0.41232505440711975
3.0 0.14338159561157227 0.5515034198760986 0.006548881530761719 0.010419726371765137
3.0 0.4386783242225647 0.564900279045105 0.07561028003692627 0.4272104501724243
3.0 0.34699344635009766 0.5769574046134949 0.09069263935089111 0.44953858852386475
3.0 0.5374082326889038 0.597648099064827 0.08454060554504395 0.4450729787349701
3.0 0.8247668147087097 0.5976480841636658 0.09327244758605957 0.4807978868484497
3.0 0.6410994231700897 0.6021137088537216 0.10736256837844849 0.34385231137275696
4.0 0.6471522152423859 0.6236975193023682 0.0793808102607727 0.21732664108276367
4.0 0.7498511672019958 0.64825838804245 0.09624922275543213 0.24858593940734863
3.0 0.755407840013504 0.6533194184303284 0.10418730974197388 0.4301875829696655
0.0 0.33101803064346313 0.18085740506649017 0.03095853328704834 0.03125929832458496
3.0 0.33449095487594604 0.1823459416627884 0.020043611526489258 0.034236371517181396
3.0 0.32952964305877686 0.22179220616817474 0.05179595947265625 0.1309913694858551
0.0 0.2126414179801941 0.283417671918869 0.0339353084564209 0.05656445026397705
0.0 0.29102998971939087 0.28490620851516724 0.02798175811767578 0.047633230686187744
