0.0 0.21237610880740332 0.48313080672558634 0.11466321134161761 0.13481472895232505
1.0 0.6819631818372255 0.43337869720270467 0.04014939858185973 0.050788474027075536
0.0 0.525341368378431 0.4735346532768136 0.05070289313079557 0.05986177154443484
1.0 0.3463965564651623 0.5325078106822891 0.03935283223266833 0.061483038125971556
2.0 0.6818262520537777 0.5061625877437431 0.04314622325739059 0.10577010312720625
2.0 0.5354014067130829 0.5860876825352326 0.05575349138136221 0.15603759873324974
3.0 0.6814747075713481 0.5643020921168109 0.10234710605132324 0.33454520097006163
2.0 0.35625197155834565 0.6765853233378555 0.08337896996256922 0.21362706696664913
3.0 0.2474200162269835 0.6969815916942447 0.2079750397718242 0.6060368166115107
3.0 0.5439579364714091 0.647897856460787 0.1129840038449782 0.40068694192267046
3.0 0.37375335440013413 0.745834570657593 0.12527639203907298 0.5083308586848141
2.0 0.24311203570402354 0.7828934507573323 0.14262288813195362 0.32016059283885134
