0 0.17762448393251443 0.1956077756078686 0.17326294505972778 0.24872422316764348
0 0.6041383548611983 0.467675577373481 0.16061392066890445 0.24937806992394967
3 0.40108818128030677 0.4290863585647074 0.2832155444295623 0.8581727171294148
3 0.8327903764457127 0.5512929525831826 0.3344192471085744 0.897414094833635
4 0.8193940748169686 0.6304136012838348 0.23094402105338052 0.556644572514444
4 0.36882508992642427 0.5131163910081362 0.2974853626067713 0.6850644111429798
3 0.13906654064259333 0.47697774078186955 0.27813308128518666 0.843266485911513
3 0.5777095731740199 0.6679508892166818 0.2816445010597847 0.6640982215666364
1 0.12569121843228326 0.6596618860627699 0.2513824368645665 0.4700681591424684
0 0.4393399844752941 0.08621487314016552 0.16792024448174264 0.17242974628033103
0 0.8861544690710328 0.22272968842815774 0.15913172467458192 0.219263226908805
