0.0 0.7018427362421436 0.243435876582607 0.015542490062431358 0.02853030751929156
0.0 0.6614204328358554 0.2460225700262571 0.016092732983622016 0.03040773605569788
3.0 0.6595919329811784 0.2626034920400669 0.030280777805196113 0.07181674321685691
0.0 0.7433677624361771 0.2696202808156123 0.014962618407515116 0.02480175662556494
1.0 0.8487345240565483 0.2786556078963988 0.016583719390996787 0.028582979457992708
2.0 0.6993391311937301 0.2859190680542785 0.02718671831481667 0.0735098348629416
2.0 0.6595115136900165 0.2839043288118091 0.024346498108219428 0.058569304185899895
3.0 0.698090502874765 0.29882411856062896 0.034589602742657544 0.14601887877889377
2.0 0.8151861474880897 0.3075264334862785 0.024837484992411896 0.05674457737845928
2.0 0.8473165908412665 0.31841482500862167 0.023944397186795197 0.06594738317016913
2.0 0.7441814588008736 0.3164396463710063 0.029283931162259247 0.07454069966721477
3.0 0.8130010180204317 0.3301102778129787 0.030989682778306937 0.1486111553824987
3.0 0.7413931781894878 0.32787734941811864 0.037743038146320074 0.1480279931899699
3.0 0.8441420820310518 0.33770655189022547 0.035169533739694 0.14974741779144657
