1.0 0.5145833194255829 0.19074073433876038 0.05208331346511841 0.07777777314186096
4.0 0.5911458134651184 0.23333333432674408 0.08437502384185791 0.21111109852790833
3.0 0.5953125059604645 0.2370370328426361 0.10729163885116577 0.36666667461395264
4.0 0.4182291626930237 0.29907407611608505 0.13854169845581055 0.2611110955476761
3.0 0.4114583134651184 0.4324073940515518 0.15625 0.7092592418193817
3.0 0.23906248807907104 0.4555555731058121 0.12812495231628418 0.24444445967674255
4.0 0.17500001192092896 0.6611111164093018 0.08333337306976318 0.1814814805984497
3.0 0.18437498807907104 0.6925926208496094 0.17916667461395264 0.24814820289611816
1.0 0.5838541686534882 0.08703703247010708 0.04479163885116577 0.05925925448536873
1.0 0.40833336114883423 0.1240740716457367 0.06041669845581055 0.07777777314186096
