0.0 0.23031918744605998 0.3214257685137072 0.11833903877436519 0.14875894876491116
1.0 0.6844355441243786 0.5396913114406625 0.04160559292020394 0.05558709473376078
0.0 0.5287596185778143 0.489232353483268 0.052340014637424326 0.06602194906364961
1.0 0.34855367748767496 0.4439959360407004 0.041332424266528056 0.06591224791060085
2.0 0.6712883369929883 0.6086207362774196 0.047127067460534966 0.1097274023364816
2.0 0.5181675135868087 0.6016310006623353 0.06181130900238496 0.16069753436763412
3.0 0.6605567977582104 0.6635444226895977 0.11573785268947612 0.3419722656992406
2.0 0.3321294209294696 0.5861674630604586 0.09150741680831248 0.22105819112370456
3.0 0.22336091361500132 0.5542529239501914 0.23272580912989357 0.6440047192727998
3.0 0.5152252722701379 0.6650701913912418 0.12924708247528655 0.408150777014105
3.0 0.3358867302946613 0.6641046895163552 0.14656954775888925 0.5200271426186535
2.0 0.2058476117603085 0.6230060486520863 0.15439100816061696 0.3339322643456982
