2 0.5774499144812982 0.5896544341466748 0.11683779582933806 0.22137524699643119
2 0.43228807942009323 0.5987559649535514 0.11640477895829515 0.22761180494110406
3 0.2465420591681649 0.5836476199566444 0.1208330153687028 0.6077016212804285
3 0.3210489511269767 0.6084122094575808 0.10084006427893577 0.5681716077975892
3 0.7257299130542193 0.6567509952944964 0.19589416694910344 0.5571640910065452
3 0.5704144514984409 0.649886576935911 0.14061875992061834 0.5277357456486347
0 0.27297643653597375 0.3202312760827736 0.06624847509410622 0.07131717855603675
1 0.329435125581094 0.36166514082578827 0.06354528057154957 0.07785579077330484
1 0.7483921586524893 0.4209604305552469 0.05594581011449351 0.06380590042694545
1 0.5899417232003421 0.4296417811758829 0.06108206139458294 0.06727396280514136
0 0.41536574430896533 0.45145829777473545 0.059377318639226906 0.07107296964379634
2 0.25424094551234855 0.503524393463308 0.10185983564573359 0.26246927570311995
2 0.32241735955649986 0.5203018350404237 0.09384387577417436 0.22607632044467002
2 0.729270525116241 0.5859742956632134 0.12072440209080937 0.23727081850838094
