0.0 0.7877386981144578 0.4912936034477085 0.11544345461872996 0.13761737201994928
1.0 0.3186581010650894 0.4282244142233 0.040455732562347635 0.051755248506647034
0.0 0.47489944598367684 0.47281902253120445 0.051050202668420364 0.061100062482795314
1.0 0.6532920484852816 0.5368618051248424 0.039761296280167446 0.06238303646497412
2.0 0.3181415530243775 0.5010029054048128 0.043948771503878936 0.10660083645444307
2.0 0.46383026890525425 0.5850722869221812 0.05696963475361222 0.15703233804354455
3.0 0.3179711476679816 0.5591449864543928 0.10502436399206416 0.33617558324148483
2.0 0.6421444644842815 0.6806413435718888 0.08501521289933656 0.21519490136477348
3.0 0.7506822571626309 0.699670289489299 0.21293328407552514 0.600659421021402
3.0 0.45471992695232233 0.646631813610884 0.11622956787642608 0.40235916180932285
3.0 0.6240010211856395 0.7472164441239829 0.1295138877169747 0.5055671117520342
2.0 0.7543156327487198 0.790146009619943 0.1450032659026994 0.3230265008406785
