1 0.23082203931901324 0.2703635228306614 0.04583317706144019 0.04948028899395873
4 0.44427918043080417 0.30888505022605095 0.11295094181462867 0.282683135599846
4 0.2080609552176706 0.44914549542422477 0.11463382772476582 0.2531301456199599
3 0.4440009592596571 0.47001301973431975 0.14431038704842414 0.8480072296519008
0 0.32879685886996324 0.5467941306805326 0.05881388351311845 0.07961891172679125
3 0.20659288992517677 0.561341464829379 0.13642506758729803 0.6712589060128693
3 0.34660290435600627 0.6530646028804542 0.11216872001529582 0.33416531162566704
0 0.5270078746946825 0.8121325682568976 0.06486214509866645 0.14682784415896766
3 0.6025591678870903 0.8310272487349337 0.22148980424403464 0.21489898205796265
4 0.622754628509222 0.8489102926904972 0.09853262627596193 0.18036831119516594
0 0.43105763017771204 0.10125008282845846 0.055577657498279864 0.08850447059658341
