0.0 0.6173633337020874 0.477142870426178 0.05144691467285156 0.04285717010498047
0.0 0.7052518725395203 0.5064285844564438 0.05359065532684326 0.04999998211860657
0.0 0.45337623357772827 0.5064285844564438 0.049303293228149414 0.05571427941322327
1.0 0.34994637966156006 0.5099999904632568 0.041800618171691895 0.04285717010498047
0.0 0.5278671085834503 0.5378571152687073 0.048231542110443115 0.052857160568237305
4.0 0.6221864819526672 0.6050000190734863 0.09110391139984131 0.1557142734527588
4.0 0.4490889310836792 0.6128571629524231 0.09431934356689453 0.11142861843109131
4.0 0.3478027582168579 0.618571400642395 0.09110391139984131 0.13999998569488525
4.0 0.7148981690406799 0.6492857336997986 0.10075032711029053 0.17571425437927246
4.0 0.5321543514728546 0.6607142686843872 0.0739549994468689 0.1499999761581421
3.0 0.6296891868114471 0.6892856955528259 0.09753483533859253 0.47285711765289307
3.0 0.4431939721107483 0.6964285969734192 0.08681666851043701 0.4328571557998657
3.0 0.34137189388275146 0.6992856860160828 0.1061093807220459 0.4328571557998657
3.0 0.5326902568340302 0.7157142758369446 0.07931405305862427 0.4228571653366089
3.0 0.7165058851242065 0.7192857265472412 0.09967851638793945 0.4757143259048462
