1.0 0.7317898826738622 0.17296501536288306 0.06470966365069208 0.07718786325636343
1.0 0.8515055293734889 0.21942202516039558 0.06682206519724954 0.09479124709971015
1.0 0.28275339850431125 0.21923774750631958 0.0626370514918711 0.08365848414150237
1.0 0.5655555362859859 0.22626615942554346 0.05431291648264225 0.0891706008737746
1.0 0.07225065021510998 0.27091945079744795 0.06579560209570563 0.1040450209284238
3.0 0.7218768442833151 0.3414326397332219 0.1366341477451316 0.4238542983914934
4.0 0.7168549051504643 0.38631405435269967 0.08482323929757984 0.27266044603905637
4.0 0.7124232714022293 0.3890687862981683 0.09365599133221636 0.259743706307715
4.0 0.8303206143820749 0.4327385442933017 0.08690500612441643 0.27174537144080385
4.0 0.5652107113413665 0.43552453312543127 0.09421953616928025 0.2856722418211865
4.0 0.28029089144362385 0.4493185100843278 0.1171284835097241 0.28116193958761737
4.0 0.11387545136363982 0.45447036409791186 0.09462746684583237 0.2171566693483606
3.0 0.5496302929405104 0.5664624719420696 0.13404017820771558 0.7460588738951176
3.0 0.10170867357014027 0.5682963926947313 0.14747346626155278 0.6803889463608845
3.0 0.8384135946377765 0.5775551219102263 0.1388940151376814 0.8448897561795474
3.0 0.2894514859317654 0.5794593677094253 0.15852685278181503 0.750815952810197
