0 0.7852650675026239 0.39993133869387887 0.12191231399027758 0.1300406073010406
0 0.16490675331215512 0.2870577706940896 0.09701705569102699 0.10338966988359866
0 0.6097031125026979 0.40618939865790854 0.10834365842016602 0.10847761338674577
1 0.4317895936221297 0.40488022178266736 0.09744226746208873 0.12214214500199305
1 0.28042720778004304 0.3824038920483078 0.08900206893598023 0.1070076461954313
4 0.5916430022352492 0.638278174448539 0.18595501721404345 0.3036914731434091
2 0.7726876476648673 0.6911205089801336 0.2644295144260054 0.4271095709684928
2 0.3975127884895781 0.6236111455899804 0.19668902164945434 0.35130771160499635
3 0.7826804985772435 0.665751371871677 0.3621688923467069 0.668497256256646
3 0.12698335086465512 0.5734657148011573 0.25396670172931024 0.7226595763010165
3 0.5792532151925281 0.6701523730405214 0.2839007730884872 0.6596952539189571
3 0.3972485410501067 0.6503993507298571 0.27754788500628214 0.648521618863104
3 0.24126659919823393 0.6453026325545479 0.25633794440352603 0.6333224961470265
