3 0.910888671875 0.8160029649734497 0.09912109375 0.3679940700531006
3 0.8212890625 0.8255899548530579 0.1767578125 0.3488200902938843
0 0.616455078125 0.851401150226593 0.09228515625 0.12020647525787354
0 0.63427734375 0.9155604839324951 0.1474609375 0.16887903213500977
0 0.474853515625 0.9756637215614319 0.13134765625 0.04867255687713623
0 0.7421875 0.3207964599132538 0.0810546875 0.08554571866989136
0 0.48193359375 0.32632744312286377 0.11328125 0.1467551589012146
0 0.62744140625 0.34365782141685486 0.0859375 0.09292036294937134
1 0.261474609375 0.3451327383518219 0.09521484375 0.1548672318458557
3 0.543701171875 0.3462389409542084 0.02880859375 0.08333331346511841
1 0.317626953125 0.37352508306503296 0.04833984375 0.1467551589012146
0 0.98193359375 0.4103982448577881 0.0361328125 0.06858408451080322
3 0.405517578125 0.4310472160577774 0.11669921875 0.22345134615898132
3 0.322021484375 0.4402654767036438 0.06591796875 0.3244837522506714
3 0.760498046875 0.485619455575943 0.13623046875 0.42994099855422974
3 0.21533203125 0.5210176557302475 0.201171875 0.48598816990852356
3 0.64892578125 0.5431415885686874 0.115234375 0.5110619366168976
1 0.048095703125 0.5575221031904221 0.09619140625 0.1666666567325592
3 0.5126953125 0.5936578065156937 0.1494140625 0.6902655065059662
3 0.07080078125 0.655973419547081 0.1416015625 0.4963126480579376
3 0.97314453125 0.675884947180748 0.0537109375 0.6290560066699982
0 0.905029296875 0.6902654767036438 0.08447265625 0.12241888046264648
0 0.82373046875 0.7153392434120178 0.11328125 0.12241888046264648
