1.0 0.7590970377352886 0.36879498471026995 0.08909080998757812 0.09832912855006004
1.0 0.6186904567092184 0.4640181719291976 0.07911672316578955 0.11276950467059915
0.0 0.9061653484146843 0.39030698957702326 0.07662061298702372 0.10404234217571129
2.0 0.4249268605063776 0.6445396405747164 0.05349516624745049 0.1369261994366714
2.0 0.4912768541438978 0.6452141600016236 0.058726608189686336 0.14408171890960642
3.0 0.43604248671483115 0.6978594993602738 0.10037587149373078 0.3843470952998629
3.0 0.4998937310404773 0.6774695141134761 0.10318919358789175 0.371117707370746
3.0 0.7819187771119018 0.615027872274507 0.18671597083890823 0.6011122794885098
3.0 0.915838137317162 0.5761754167218534 0.15456280513510978 0.5578922865886962
3.0 0.6156773235909685 0.6943869915601402 0.20425116204252391 0.5765210344798629
2.0 0.7905590724818924 0.6643076947333224 0.13174359245075862 0.328582159957884
2.0 0.623896458698334 0.7502121895378117 0.1285610806270686 0.3079107009012425
2.0 0.9210619293584561 0.6437694050222653 0.10602836855717179 0.29037300581711234
