0 0.28185777292175973 0.4916449026367078 0.044788807043338374 0.05741671926894121
0 0.41955107881509296 0.5297649919426981 0.04084514658491423 0.05641216310134178
0 0.6262583185612465 0.5854648430086344 0.04478874827833734 0.057416704299918186
0 0.694770455181407 0.6074855859467526 0.05301058552169158 0.06238651492024028
0 0.34657588143348705 0.520314036669191 0.04676060789004988 0.05791898986822941
1 0.4873765716602294 0.5668404315978441 0.04642612094604437 0.054958299067617844
0 0.5583093820221234 0.6123220993993733 0.0497360164812809 0.06730337029190991
2 0.26847710658231455 0.6100729515716332 0.07721868425689085 0.17494613750259502
2 0.4768216227970231 0.6692357090147242 0.0804227472201528 0.13550546636155936
2 0.40747321005184767 0.6546167155316694 0.08309890721470231 0.15919106012705564
2 0.3363202105494628 0.6380150910799978 0.08536992727559484 0.1453921099000165
2 0.6153336444067106 0.709087301474199 0.07818699488908509 0.16656632821553707
2 0.6792507364715972 0.7268916546599504 0.0844369137557257 0.17103383829852492
2 0.5485555150103592 0.7255821138670069 0.08473625049990885 0.15673264741024373
3 0.25782547103760517 0.6774155912615089 0.12834623740746243 0.4410127555607142
3 0.332587614671908 0.6979824701659032 0.10762438613582348 0.4271078798673475
3 0.4004483671952189 0.7167913795192542 0.10665613426863024 0.4354877041234285
3 0.6750163367217827 0.785410086766499 0.1168498311236974 0.4291798264670019
3 0.6046820088620012 0.7764299411640744 0.10699059183013548 0.43844838743952863
3 0.4655010133643026 0.742499760243869 0.1112335596502419 0.4251517452343354
3 0.5367859525867651 0.7758875508857512 0.10655030169665547 0.3837019617581008
