2 0.602613004786612 0.5066147430400547 0.0765773857779044 0.13107452697167793
2 0.516273962525456 0.497236507079625 0.10432645723777106 0.19965743569792982
2 0.39464758307008163 0.48875944565595486 0.10117389800254656 0.17243321439942444
2 0.8262335964637577 0.5894512204290783 0.10993056533790457 0.1976325903807824
2 0.6771089127641045 0.5782768346714512 0.10666267692471987 0.18549582554033583
2 0.27516945841997503 0.50312186141049 0.071767334607415 0.18730268259660476
2 0.20781978440822574 0.5077470075874835 0.13052909490422018 0.31370789138332406
3 0.5982905782900975 0.6038252812498144 0.1253747398342755 0.49029971280937373
3 0.2742495524749965 0.5503215199873654 0.10742685048278042 0.5103308988301043
3 0.5025968345954158 0.6046222563093527 0.1854621932300975 0.6211056400768635
3 0.38361632144037733 0.5847947343215316 0.16905216154702862 0.5498743224235342
2 0.9265771157339731 0.7085395116667783 0.1468457685320539 0.42124384104222623
3 0.6800161026066253 0.6693895170815918 0.18038425256313295 0.5765322702859881
3 0.9173789676634456 0.6857331705170306 0.16524206467310865 0.6285336589659386
3 0.21278384264894273 0.5938153334541751 0.21475949919747284 0.7193224676004436
3 0.8079985976822965 0.6853098088039941 0.19701554492770246 0.6293803823920119
0 0.5236161113197673 0.3337396822067754 0.06355063071269262 0.05689253013659018
1 0.829692898676083 0.41489557788779474 0.06227285639915181 0.07585649964101854
0 0.23402000483052326 0.2934468242778337 0.06303703012602688 0.0709802167969027
0 0.6022335217799579 0.3867411685010853 0.04054036238926695 0.048839185507643434
1 0.3985535738999576 0.35526109285022733 0.046613137895611334 0.05836138905164151
0 0.2830077521767367 0.3309176914959847 0.04966293479937861 0.06816253836049518
0 0.6810410160180367 0.4207300255661306 0.06505657749438709 0.0599574184283313
