2.0 0.41807693243026733 0.5802077054977417 0.10615384578704834 0.20946335792541504
2.0 0.5623076856136322 0.6064627915620804 0.10538464784622192 0.21581074595451355
3.0 0.7482692301273346 0.6133871674537659 0.08961540460586548 0.598961353302002
3.0 0.6726922988891602 0.6292556375265121 0.07153844833374023 0.5614540874958038
3.0 0.26673078536987305 0.629544124007225 0.16807687282562256 0.5389497578144073
3.0 0.42192310094833374 0.6410848498344421 0.11384618282318115 0.5158684253692627
0.0 0.7357692420482635 0.347663015127182 0.063076913356781 0.06405079364776611
1.0 0.6773076951503754 0.38228505849838257 0.06000000238418579 0.07097518444061279
1.0 0.256538450717926 0.39180612564086914 0.053076863288879395 0.057703375816345215
1.0 0.4140384793281555 0.41921523213386536 0.05807697772979736 0.06058859825134277
0.0 0.5869230628013611 0.4616272449493408 0.05615389347076416 0.06462782621383667
2.0 0.7448076903820038 0.5326024144887924 0.08884614706039429 0.25274088978767395
2.0 0.6759615242481232 0.5412579327821732 0.08269232511520386 0.21696481108665466
2.0 0.26692306995391846 0.5585689544677734 0.10923075675964355 0.22504329681396484
