1.0 0.516153872013092 0.28504183888435364 0.0923076868057251 0.09937238693237305
1.0 0.16807691752910614 0.2934100329875946 0.08076924085617065 0.09937238693237305
1.0 0.3719230890274048 0.3012552261352539 0.08692306280136108 0.06276148557662964
1.0 0.14769230782985687 0.4147489666938782 0.08615383505821228 0.10146445035934448
3.0 0.5330769419670105 0.4320083484053612 0.16769230365753174 0.4288702756166458
3.0 0.19115383923053741 0.49424685537815094 0.13461539149284363 0.47594138979911804
4.0 0.5373076647520065 0.5141213536262512 0.14230766892433167 0.3002091646194458
3.0 0.3715384602546692 0.5177824646234512 0.19076919555664062 0.481171578168869
4.0 0.36192306876182556 0.5339958071708679 0.1561538577079773 0.31903767585754395
4.0 0.20499999076128006 0.5528242737054825 0.09615384042263031 0.27928873896598816
3.0 0.13538461551070213 0.6082636266946793 0.16923076659440994 0.45711299777030945
4.0 0.1280769258737564 0.660041868686676 0.15000000596046448 0.336820125579834
