0 0.2699190699540884 0.1816908883115954 0.12951592460776695 0.1536129382978965
1 0.7328594322066903 0.5291812742315041 0.0412253311484958 0.06189732815439142
0 0.3834746655563548 0.40085183160096016 0.06532595360964621 0.0974934144004938
1 0.569668727813426 0.49191475065756396 0.04109532051903553 0.05545245019185918
1 0.49754933914631483 0.47900939353270267 0.04099898541997987 0.06563759323429447
3 0.24615710805459967 0.4656495784640635 0.2672227930882942 0.7733281735542072
2 0.7173122843070923 0.674627035948728 0.08020654160573626 0.19954983352203381
2 0.484440487065752 0.5876689645942749 0.06416523328458912 0.15963986681762687
2 0.5510957735745923 0.6268288973564373 0.08700443792740664 0.2074923423363524
2 0.3717191982657867 0.6027947413148222 0.11089772980023771 0.2851812782409381
3 0.46531339810806926 0.6567353296789324 0.11897033650710287 0.4610929098600182
3 0.7049977093149975 0.7467841551496524 0.13766883437801825 0.5064316897006953
3 0.5413953191902101 0.7126575808882349 0.13486708223385613 0.5162805524598439
3 0.3688020958823723 0.6614916741111794 0.17468632454435096 0.6057119554979388
2 0.23177503331898994 0.6144332956216157 0.22525724143421982 0.54751871932027
