0 0.5321498293337723 0.3005632111325604 0.0832812323046005 0.13886961026804026
0 0.7116604924211317 0.21611708266759255 0.07778373596939314 0.13352832963117076
0 0.8318895214753514 0.1762189488182468 0.07683217613890092 0.1254342368747458
1 0.3939888092905943 0.4039488545043908 0.06491212433893195 0.09652632644864506
1 0.3051985382524806 0.4835728905470744 0.06615459938402501 0.11744980538330879
1 0.1883665251853175 0.5932346662173116 0.08008300569842167 0.12202059273104882
1 0.4965774547766463 0.5117559509771649 0.057115467255639374 0.10269278389904596
4 0.5852500673416936 0.5537368055124389 0.14100622781001904 0.3813637577140792
4 0.7422559207753148 0.4822037484798547 0.1443622990290757 0.33742486287268975
2 0.4252843506505779 0.6467992548439091 0.12364134052170289 0.32685193451075345
3 0.6006855079486416 0.5916188893982487 0.20549892146307452 0.7642652706923334
3 0.7525242724937549 0.5170025965521678 0.21522505757754085 0.7641556974547712
4 0.87441811405227 0.45623585841436487 0.1523181800539205 0.3947442703409723
3 0.8842896192322363 0.452628837914415 0.21070544809320935 0.75677716455739
2 0.33161787869332154 0.7374910459221651 0.14108516458983755 0.3509698089099721
3 0.4313109058856603 0.6679033703178352 0.19717312714724577 0.6641932593643297
3 0.3369040947656996 0.7044943342848874 0.194318447655769 0.5910113314302252
2 0.21771947125771757 0.8320206254026671 0.15633496144967352 0.33595874919466584
3 0.22708888610755368 0.7528960506180522 0.224870661344015 0.4942078987638957
3 0.5353787924957931 0.7156944223217345 0.20660686826597396 0.5686111553565311
2 0.5351543580915821 0.7523209434662208 0.12469816415239737 0.2944207334461345
