0.0 0.8187500238418579 0.4833333194255829 0.06406247615814209 0.09166663885116577
1.0 0.19257812201976776 0.4888888746500015 0.04453125596046448 0.06388887763023376
0.0 0.41132813692092896 0.513888880610466 0.04921877384185791 0.08611109852790833
1.0 0.7183593511581421 0.5215277522802353 0.05703127384185791 0.07638886570930481
2.0 0.19648437201976776 0.6138888597488403 0.06953123211860657 0.16666662693023682
2.0 0.408203125 0.637499988079071 0.09296876192092896 0.19166672229766846
3.0 0.21445312350988388 0.6666666716337204 0.12734372913837433 0.43333330750465393
2.0 0.8050781488418579 0.6722221970558167 0.08984375 0.21111106872558594
3.0 0.8160156011581421 0.6861110925674438 0.11171877384185791 0.48888885974884033
3.0 0.41289061307907104 0.6958333253860474 0.11171877384185791 0.4583333730697632
3.0 0.697265625 0.6958333104848862 0.12421870231628418 0.4416666328907013
2.0 0.701171875 0.7055555582046509 0.11015629768371582 0.23333334922790527
