0 0.20987513159123838 0.42503230660450586 0.126283691709319 0.1378097219624546
0 0.8224722627111669 0.2583719466110086 0.10049012557473436 0.10957485218674501
0 0.38535937883130533 0.41597623325651895 0.11181165737851034 0.11557237252724728
1 0.5627698270759882 0.3991663029692365 0.10200632154064015 0.12786310143750995
1 0.7125194074512434 0.3635541795097533 0.09290302997707456 0.11235536549170422
4 0.41624789931066775 0.6459296676749497 0.19881524963694236 0.31271351777156586
2 0.2385720673922587 0.7144209183792459 0.28243809239740275 0.4400663155382168
2 0.6090949803740153 0.6143810241058763 0.21206026157923885 0.36004273516287205
3 0.22958388764388504 0.6745176507102378 0.3968048938108233 0.6509646985795243
3 0.8658923261877363 0.5393150735342112 0.2682153476245275 0.7298245120867113
3 0.43136016393230936 0.6714889807455202 0.3171468379562794 0.6570220385089597
3 0.610844319114676 0.6410813879917429 0.308220378511054 0.6567451851873476
3 0.7661661886068736 0.6224042641519544 0.2866864116830524 0.6399950568352264
