0.0 0.1499999761581421 0.3157407343387604 0.15416669845581055 0.19814813137054443
0.0 0.598437488079071 0.4314814656972885 0.140625 0.20370367169380188
3.0 0.3916666507720947 0.43518519401550293 0.18958330154418945 0.8703703880310059
3.0 0.84375 0.4407407343387604 0.2666666507720947 0.8444444537162781
4.0 0.8276041448116302 0.5148147940635681 0.17812496423721313 0.5037037134170532
4.0 0.37291663885116577 0.5592592507600784 0.23333334922790527 0.6148148477077484
3.0 0.12968748807907104 0.6101851910352707 0.22395837306976318 0.7796296179294586
3.0 0.598437488079071 0.6675925850868225 0.21145832538604736 0.664814829826355
1.0 0.1510416865348816 0.7888888716697693 0.21041667461395264 0.4037036895751953
0.0 0.39114582538604736 0.08888889104127884 0.15104162693023682 0.17777778208255768
0.0 0.8473958373069763 0.09166666865348816 0.14270830154418945 0.17222222685813904
