0 0.21338767895133398 0.23076817946556194 0.07690292702862703 0.13452520247404354
1 0.7351144561473695 0.2885188848021079 0.05903625941918378 0.11746810348908102
0 0.4617029337365687 0.26085720133429535 0.04820407780193181 0.08346112924708127
0 0.5284222511310226 0.270458979008272 0.062065572747296516 0.08998341677773775
0 0.29804475692142945 0.24862189776372726 0.07145430818659648 0.11625442255706703
3 0.5964284961381316 0.3030705560229751 0.06058538626425658 0.22632514929262462
0 0.6393649081854657 0.3126971227705546 0.05345752538789683 0.09412803334047298
3 0.37536655497219096 0.3571939808863695 0.12611129897597112 0.4026181290539327
3 0.5353835272573637 0.38937608843920035 0.10293831292116162 0.32433355439379863
3 0.44954926542180607 0.3930006968403429 0.10260084050452223 0.3596863445664776
3 0.6343697183045606 0.4341612914591838 0.09590388492501378 0.3412833764257975
4 0.3696963595882803 0.40742423701737074 0.08220918518622122 0.19575264208845972
4 0.5316508007050468 0.4372698830559113 0.08811320642673975 0.23176590805421554
3 0.2919110650548299 0.41444212532416536 0.0937081286264288 0.44974418265615673
4 0.2865600324137642 0.4278541786999188 0.06807527312711659 0.22711770056050407
4 0.4497628075943251 0.45783193855733484 0.08344527337288077 0.24391066119350951
4 0.6375677399888355 0.48024696937152267 0.10466648199580553 0.2461562629854524
4 0.19377474056729965 0.48284431464436955 0.11817825750153188 0.33605723109399654
4 0.07426872192406682 0.48163499301837465 0.13051900241522676 0.3803348252133068
0 0.4939658662439086 0.5400256857226456 0.07001080172087232 0.1085184180336411
0 0.5867694664273257 0.5574707800676728 0.056149367063279665 0.10199616656373989
0 0.3756105952725278 0.5427504455892498 0.06626591666744053 0.1081221040556285
3 0.8234596655440908 0.5979838337123473 0.1415787323892579 0.8040323325753053
3 0.7302331623795231 0.6006087755139057 0.11189183709136985 0.7701644690208413
3 0.07904648801091244 0.5393246479539211 0.1413835618971021 0.8036182678858352
0 0.30223300627908434 0.5731083221993416 0.06665626223520982 0.12332997475052321
3 0.19465098322378172 0.5706193148152747 0.14644183669918254 0.8066812366317798
0 0.711793255495085 0.6850689880102712 0.06894539303600877 0.16401614484838734
3 0.36931426113815413 0.714907218974882 0.10619123537042446 0.451065161720924
3 0.4837355394057199 0.7416943762564325 0.11543754907360632 0.5166112474871348
3 0.600322016702145 0.7539092414772754 0.12628197618603854 0.4921815170454492
3 0.26591224261459195 0.744629435478019 0.14665744295398253 0.47556926883165407
0 0.6579613943049276 0.1977552894048909 0.052339364891357154 0.0990652011710875
0 0.5360889104813373 0.19121251888161211 0.048399249057997196 0.09106500507066609
0 0.6978482402478556 0.22866203216159597 0.050635689098801895 0.08119068200708504
0 0.825441759836239 0.2561423277972356 0.08781235335768911 0.1230409102468607
0 0.5968065927731279 0.23957267145188021 0.04958252667302787 0.08866248865469131
0 0.39004936049701633 0.2240473916018237 0.07112902212322936 0.10358127138281623
0 0.08710746192655672 0.20088533564426303 0.08372999550566318 0.15799737156056137
