1.0 0.8958333134651184 0.32343751192092896 0.10416662693023682 0.1343749761581421
0.0 0.7697916626930237 0.36250001192092896 0.06458330154418945 0.06875002384185791
1.0 0.4635416567325592 0.38593751192092896 0.05624997615814209 0.12187498807907104
1.0 0.6666666865348816 0.38749998807907104 0.041666626930236816 0.07499998807907104
1.0 0.11562500149011612 0.41874998807907104 0.08541665971279144 0.08125001192092896
1.0 0.5802083611488342 0.421875 0.05624997615814209 0.08749997615814209
4.0 0.671875 0.4984374940395355 0.08958327770233154 0.15937501192092896
4.0 0.7833333611488342 0.5 0.05416667461395264 0.1875
3.0 0.7739583253860474 0.5546874850988388 0.10208332538604736 0.44062498211860657
4.0 0.4677083194255829 0.559374988079071 0.10624998807907104 0.25
3.0 0.6729166507720947 0.559374988079071 0.11249995231628418 0.4312499761581421
4.0 0.903124988079071 0.565625011920929 0.16041672229766846 0.3500000238418579
4.0 0.5874999761581421 0.6312500238418579 0.10833334922790527 0.3187500238418579
3.0 0.8968750238418579 0.637499988079071 0.20624995231628418 0.7250000238418579
3.0 0.4625000059604645 0.6468750089406967 0.09583336114883423 0.6124999821186066
4.0 0.13750000298023224 0.6484375 0.19166666269302368 0.3218749761581421
3.0 0.12812499329447746 0.6531249731779099 0.21041665226221085 0.5749999582767487
3.0 0.5718749761581421 0.676562488079071 0.12708330154418945 0.6031249761581421
