0.0 0.6799077610775501 0.170548262009955 0.15198008375506322 0.212784227711031
0.0 0.3466672842992127 0.10623503014340596 0.1619212531758943 0.21247006028681192
0.0 0.9430172721529941 0.4381893269092898 0.11396545569401184 0.2239066986132583
0.0 0.5106831250018335 0.27138014626066326 0.16595063576098135 0.265992199263142
3.0 0.17818482200031666 0.3999630863912841 0.3563696440006333 0.7999261727825682
3.0 0.31624776717315445 0.4202751711109072 0.30228942956378235 0.8405503422218144
3.0 0.6817242710450828 0.5399721401185003 0.43253153496502206 0.9200557197629996
4.0 0.17052363115216793 0.3650644558851433 0.34104726230433585 0.7301289117702866
3.0 0.8492394875049893 0.6599841525864648 0.3015210249900212 0.6800316948270704
3.0 0.45505283021690324 0.5577163897044287 0.3519156536879649 0.8845672205911427
4.0 0.6641882832144133 0.6866121586448443 0.3563695060607005 0.6267756827103115
1.0 0.23606851531647904 0.012732556928989424 0.13912289998818875 0.02546511385797885
4.0 0.8875460566496156 0.7867594262721314 0.21849248228876494 0.4264811474557374
4.0 0.4226316030448431 0.672639054322298 0.316817053331527 0.654721891355404
0.0 0.0970389733551242 0.6737875893809997 0.1940779467102484 0.33220754758923343
