0 0.5794288027583313 0.1387160742661108 0.07527590954089658 0.09618083569472441
1 0.9452718484252769 0.2153699002075915 0.05801683588783624 0.07970971553008158
0 0.1382310651415919 0.15670493144112282 0.05682068172561558 0.07093164094708672
2 0.38410105654890814 0.2171425204105757 0.13823089790103288 0.17511459190698142
3 0.3910121285040543 0.2514789039965566 0.23795181836000578 0.4592862120945404
2 0.5856824146336972 0.27842737238863535 0.11463215071824184 0.18528683201043677
3 0.2012264847853633 0.24744728965723958 0.2077889732399708 0.27323649541687106
2 0.8859777053190161 0.33522283404914616 0.10745931142357545 0.1920438572977261
3 0.582066272886206 0.32488037070316506 0.17947357819739135 0.46743306600821255
3 0.8397898449002388 0.3614716368049436 0.29091758658373357 0.4184350166912051
0 0.3138076392480246 0.05147511886499058 0.059785911599644914 0.10215968303508732
