1.0 0.9124407632466596 0.46882746185230745 0.1223939202439499 0.16750816535575164
0.0 0.7838155758968803 0.4620812443509978 0.07358882992822757 0.08970548723154359
1.0 0.4825543456949682 0.37624142029314117 0.07386554915030008 0.13836875491716505
1.0 0.679673899523578 0.44979870817547163 0.05230705493720056 0.0876507553510339
1.0 0.13933011689440933 0.2847335187208311 0.09580179944473967 0.10923969852170906
1.0 0.5902485945331717 0.4525362929526123 0.06844722165447237 0.10496837571801654
4.0 0.6672481265486134 0.5594379588695576 0.112164657957604 0.18662733282687233
4.0 0.7753000267726045 0.6004853213037741 0.08218539339067299 0.20139425336654582
3.0 0.7575707397232431 0.6502973609935336 0.16864204286243267 0.464336231327155
4.0 0.4592649593880127 0.5462391574952947 0.14264349280756344 0.28059375204332804
3.0 0.6586550308027945 0.6190171213254478 0.17728560166498064 0.4589213331954913
4.0 0.8813511305870034 0.7067342555567279 0.21103684630091957 0.3969689321462313
4.0 0.564330938289555 0.6585609195956725 0.15550443953008175 0.3481333828906144
3.0 0.8533046803129398 0.6927795150356999 0.29339063937412024 0.6144409699286003
3.0 0.44041221207453546 0.6294111459200429 0.1896609115832163 0.6291214943393081
4.0 0.12438062923402068 0.5156667715828148 0.2369675759256793 0.3807242299329296
3.0 0.13103741636178773 0.5168964560416541 0.26207483272357546 0.6333221336537499
3.0 0.5420066203334737 0.6907497826385633 0.21854709812100082 0.6185004347228732
