4 0.08124999888241291 0.19843749701976776 0.08541667088866234 0.16562500596046448
4 0.8208333253860474 0.234375 0.08541667461395264 0.14375001192092896
4 0.8958333134651184 0.2500000074505806 0.06041669845581055 0.16250000894069672
3 0.08229167200624943 0.2640624940395355 0.10000000521540642 0.390625
3 0.8218749761581421 0.2796874940395355 0.08749997615814209 0.37187498807907104
3 0.893750011920929 0.2890625 0.06875002384185791 0.37187498807907104
4 0.5927083492279053 0.3046875 0.2124999761581421 0.34687501192092896
3 0.5874999761581421 0.44999998807907104 0.27291667461395264 0.8687499761581421
1 0.5291666388511658 0.05937500111758709 0.09375 0.0937500037252903
1 0.8104166388511658 0.12031249701976776 0.04375004768371582 0.04062500596046448
1 0.8854166865348816 0.14218750596046448 0.03125 0.046875
