0.0 0.7443504296754575 0.29009412503627374 0.12123507578322568 0.12887144677855172
0.0 0.1280475673153878 0.43369231550010445 0.09647892403140214 0.1024589273306748
0.0 0.5797521380271617 0.3668981827817117 0.107801740012471 0.10741402178066539
1.0 0.4109831707894783 0.4374876540804992 0.09674705370109477 0.12127070751988722
1.0 0.261911468390431 0.47731849495575185 0.08840558481609204 0.1061959134718427
4.0 0.6222903982948146 0.5939104232257728 0.1840313635877333 0.30227299749979586
2.0 0.8072652452127795 0.5708437985255502 0.26173415898738217 0.4250760617760235
2.0 0.4347365753446629 0.65840103101424 0.19439994568312735 0.3499115670346907
3.0 0.821268123970133 0.5835457978113225 0.35704316578124273 0.7523948571070531
3.0 0.14980020140713732 0.6831373554406376 0.28252378078689316 0.6337252891187248
3.0 0.6233127076436498 0.6458950565693211 0.2790061079710636 0.6938375307696967
3.0 0.44136972458996726 0.6801640056129274 0.27302589700075536 0.6396719887741452
3.0 0.2923903874997514 0.7129811793240475 0.25187100120339656 0.574037641351905
