0.0 0.6989113763200677 0.2362994996018785 0.015235114906041236 0.028002749885204625
0.0 0.6585263293148929 0.24032515947724675 0.01576468680261367 0.029862317123102805
3.0 0.6568850234750933 0.256967869606785 0.029498735787130137 0.07080418738807581
0.0 0.7407231059654993 0.260999895343445 0.01469677791980406 0.024291376596946246
1.0 0.8461705325559467 0.26628117605814433 0.016276728801970286 0.028018331862815327
2.0 0.6968869570557557 0.27886332328033364 0.026382659118479368 0.07260923260497013
2.0 0.6570446295463863 0.278267296270191 0.023708385091024797 0.05775596158052193
3.0 0.6957839881669292 0.29181024954954105 0.03297417739402897 0.1449224005023642
2.0 0.8129541921473429 0.29634090570271665 0.0242204272314388 0.05591200612150171
2.0 0.8452008746457396 0.3060829098902541 0.023222638149077324 0.06515532028998888
2.0 0.7420641807686326 0.3077808900902089 0.02847020967631364 0.07356626144216599
3.0 0.8110239667553649 0.3189980336783358 0.029341616543389626 0.14764551961242756
3.0 0.7394053350342616 0.3193155921345778 0.03610790323549318 0.14682092446753228
3.0 0.8422443741765856 0.3254838139259243 0.03351257391227214 0.14863375978161047
