1 0.7666666507720947 0.25966496020555496 0.0453333854675293 0.04768042266368866
4 0.5536666810512543 0.30670104175806046 0.10999995470046997 0.27835051715373993
4 0.7913333177566528 0.4375 0.1119999885559082 0.24871134757995605
3 0.5556666553020477 0.46778352558612823 0.1353333592414856 0.8427835404872894
0 0.6716666519641876 0.5399484634399414 0.058000028133392334 0.07731962203979492
3 0.7939999997615814 0.5496134161949158 0.12933331727981567 0.6662371158599854
3 0.6549999713897705 0.6469072103500366 0.10866665840148926 0.3298969268798828
0 0.4763333201408386 0.813144326210022 0.06333339214324951 0.14432990550994873
3 0.401000052690506 0.8350515365600586 0.21933335065841675 0.20618557929992676
4 0.38099998235702515 0.8537371158599854 0.09666669368743896 0.17654633522033691
0 0.5646666586399078 0.09858247265219688 0.05466669797897339 0.08634019643068314
