0 0.5126105460658493 0.12018403006487965 0.08239472454145141 0.1096166663068393
1 0.8789834314729906 0.04940680425661525 0.06403915162877216 0.08990835334325241
0 0.09033199140015502 0.31203310050434296 0.062034019126682216 0.08112028086127482
2 0.338138091339767 0.2730694305252023 0.15115893440248346 0.19982935085160894
3 0.3508839160402483 0.30344791477427024 0.27535659908562116 0.49739974469569787
2 0.5433849590757392 0.2524397670320479 0.12919897918994927 0.20465758570755613
3 0.16715205604096564 0.3746237304881355 0.22818263650008802 0.31010696236283863
2 0.8430304916174645 0.1884376568257135 0.12287604860272971 0.20968741870535745
3 0.548124907112428 0.29866648791099065 0.2193018181242794 0.4927829120517206
3 0.8031385421234252 0.23327143646325735 0.32291455102337696 0.4665428729265147
0 0.24101055066838098 0.14111209573901423 0.06791340640496207 0.11210735457267329
