4.0 0.11013718772503907 0.6055432189500198 0.1938096989093888 0.37893196910342375
4.0 0.5481852098041875 0.4550820582525575 0.23857253961800712 0.5229753964332774
2.0 0.818174259737021 0.36866491987139327 0.2277207374718665 0.4929391186540695
2.0 0.3007145369665319 0.5700038912977553 0.21859850545736267 0.39076841866683515
3.0 0.5580987789326209 0.5 0.33563792383626145 1.0
3.0 0.8208855574843741 0.4567868828353099 0.3330735751709315 0.9135737656706198
3.0 0.3139570874813699 0.5908851427275355 0.31314627686328766 0.8182297145449292
3.0 0.1320396323998193 0.6402255560642367 0.2640792647996386 0.7195488878715267
0.0 0.5038262200795995 0.08562432450808749 0.08575918237292901 0.10733523643251248
0.0 0.7727166936831575 0.04545642990014796 0.10941276325633864 0.09091285980029593
0.0 0.25764778105734715 0.2724372906492264 0.09959603745519055 0.12548760653251154
1.0 0.09380592333993104 0.3519387361901844 0.0995225895033018 0.11246398878833908
