1.0 0.23124998807907104 0.46666666865348816 0.08281254768371582 0.06944447755813599
1.0 0.37968748807907104 0.5083333253860474 0.0703125 0.08888888359069824
0.0 0.08984375 0.5416666865348816 0.06875002384185791 0.08055555820465088
2.0 0.5902343690395355 0.6138888597488403 0.039843738079071045 0.125
2.0 0.525390625 0.6388888955116272 0.04453122615814209 0.13055551052093506
3.0 0.5855468511581421 0.670138880610466 0.05859375 0.37083330750465393
3.0 0.5207031071186066 0.6736111044883728 0.06328123807907104 0.35555553436279297
3.0 0.23750001192092896 0.7159722298383713 0.12343752384185791 0.5680555403232574
3.0 0.10195314884185791 0.7270833253860474 0.09453129768371582 0.5347222089767456
3.0 0.40937501192092896 0.7326388955116272 0.14531254768371582 0.5347222089767456
2.0 0.2347656488418579 0.7673611044883728 0.09921872615814209 0.298611044883728
2.0 0.4078124761581421 0.7902777791023254 0.09843754768371582 0.2777777910232544
2.0 0.10468751192092896 0.7951388955116272 0.07656252384185791 0.2680555582046509
