0.0 0.5105407636022787 0.36382329404810765 0.05177881349875313 0.0804554711053091
1.0 0.21848516164059772 0.5024594200411705 0.04470420006327466 0.06981052341156979
0.0 0.41364119527532106 0.42900346675426626 0.05247443728953893 0.0759018562771741
1.0 0.6762613075340697 0.31542636987179334 0.051303862695375235 0.06803112986641258
1.0 0.594970206471825 0.3634481094965317 0.051083189707967214 0.08500908593344408
1.0 0.33950949858986973 0.49330959358669335 0.046180209773603265 0.07050407873231429
1.0 0.7933157349288946 0.2955107715083313 0.05169405994029719 0.07065474375341008
1.0 0.6233023248099916 0.43714992391715257 0.03398193913120229 0.06233205109191858
2.0 0.6055134125680635 0.5086644668798558 0.0886951000435976 0.22713427164066996
2.0 0.23379540157226536 0.6903466066309212 0.12103151377725849 0.2691712550829305
2.0 0.43659457305070243 0.5992646768797752 0.1198609434682455 0.2613005574847269
2.0 0.7113282514482105 0.4715747998100859 0.11183641985571025 0.2258068696880789
2.0 0.5351396811814805 0.5557666756954643 0.14729434416983395 0.2888324913747013
2.0 0.350374911261421 0.6566195716610332 0.11256565276020836 0.26763353704546133
2.0 0.8179825935311429 0.4719841234407307 0.1268508033452681 0.26214477782656725
2.0 0.647282337999846 0.5718421569543022 0.09256354863328242 0.20698998079161723
3.0 0.5321956612693048 0.6315335763431855 0.1905033047759443 0.6532087681010523
3.0 0.35889115070875605 0.7233594967904684 0.16108539635720287 0.5532810064190632
3.0 0.2461712061017904 0.7209761338688525 0.2102511887120158 0.558047732262295
3.0 0.6124177026338611 0.6134868863054525 0.16507206665792107 0.6022152030142973
3.0 0.4331244140798206 0.6967627369714912 0.18139299322540942 0.6064745260570177
3.0 0.7298879571210954 0.5751308760520039 0.18651659280721633 0.6171721764661573
3.0 0.8451017626384932 0.532221306860175 0.18183428157510972 0.5856891843854379
3.0 0.666605627177993 0.6539875000548976 0.1507197235563401 0.5149435707375032
