0.0 0.23515623807907104 0.28333333134651184 0.11874997615814209 0.10833334922790527
1.0 0.73046875 0.4340277910232544 0.03593754768371582 0.0486111044883728
0.0 0.37382811307907104 0.4506944417953491 0.05703127384185791 0.0763888955116272
1.0 0.5667968392372131 0.46388888359069824 0.03671872615814209 0.04166668653488159
1.0 0.49492186307907104 0.48055557906627655 0.03515625 0.05277779698371887
3.0 0.2484375238418579 0.5694444328546524 0.1796875 0.7194444835186005
2.0 0.7339843511581421 0.581944465637207 0.05859375 0.1805555820465088
2.0 0.49609375 0.5916666388511658 0.046875 0.14444446563720703
2.0 0.5660156607627869 0.6027777791023254 0.06484377384185791 0.18611109256744385
2.0 0.3882812261581421 0.6520833373069763 0.07968747615814209 0.2597222328186035
3.0 0.486328125 0.6666666865348816 0.06328129768371582 0.4472222328186035
3.0 0.733593761920929 0.675000011920929 0.07187497615814209 0.5277777910232544
3.0 0.567578136920929 0.6902777552604675 0.07265627384185791 0.5
3.0 0.3929687738418579 0.7104166746139526 0.10312497615814209 0.5791666507720947
2.0 0.2535156011581421 0.7201389074325562 0.1664062738418579 0.4930555820465088
