0 0.4486511374248561 0.3188449316507907 0.0748576056863941 0.11020632456592239
0 0.264635737432493 0.3139914499013624 0.06948568275243214 0.10708800494243398
0 0.1430521379740006 0.3270372699174303 0.06936260831971423 0.09875862510773054
1 0.5941102534707103 0.36013302663254304 0.05966455109840163 0.07317221169612631
1 0.6889061559309742 0.3995615693306145 0.05866002527495995 0.0952984412297943
1 0.8141285510513829 0.45622645439664933 0.073278732216836 0.09346209501216696
1 0.5045208894063999 0.5100167704404459 0.05049969697258605 0.08367975006795475
4 0.42197480090633993 0.5894853031268306 0.11028848805837699 0.3454804372603142
4 0.2612610926159855 0.5875157338306585 0.11887899453807654 0.29610243980106254
2 0.5877320852892137 0.6112319421640555 0.09755569875424253 0.29473494075516554
3 0.41065678524127436 0.6332249543502841 0.13727315345259644 0.7299997623403705
3 0.25468960318409345 0.6260016009740919 0.14785278165762974 0.7251306038132892
4 0.1293951226690662 0.6193558043289813 0.12107312101837592 0.3544935608868607
3 0.1193793543886111 0.6201030265957282 0.1437725579300189 0.7193212544116325
2 0.6884020842305243 0.6593745032335068 0.11379424498702384 0.3124193199330737
3 0.5869526126349119 0.6592741658504488 0.13270069113038896 0.6814516682991023
3 0.6853879535510007 0.6749305678330946 0.13233146783223537 0.6501388643338109
2 0.8097494399878574 0.7074535728443166 0.13091430130665516 0.29964803398692363
3 0.8009638045694057 0.7030383195197267 0.16890871394695894 0.5939233609605465
3 0.4878502672830769 0.7334254229981723 0.1583900401809486 0.5331491540036556
2 0.490792372584555 0.7620338312029284 0.10235321446566442 0.2589827974704936
