0.0 0.1768538626214385 0.19820134203888562 0.17290612530217248 0.2476858704599374
0.0 0.6040551065217221 0.4668391010605371 0.16023120767393972 0.24845134592391827
3.0 0.4008302563240632 0.42930441246697965 0.2812145187728485 0.8586088249339593
3.0 0.8333363470356825 0.5502499520980131 0.33332730592863513 0.8995000958039738
4.0 0.8197223875328548 0.6278457695257333 0.22984682574102944 0.555689237955092
4.0 0.3688597782051828 0.5141703164910846 0.2961602952127593 0.6837729469435114
3.0 0.13860312680200948 0.4799932270743329 0.27720625360401896 0.8421954738957464
3.0 0.5782148994803695 0.6679063166758197 0.2801753379659555 0.6641873666483606
1.0 0.12609392100839784 0.6626680799615632 0.2505773616654716 0.46876947286135673
0.0 0.4382183534784616 0.08620288266952071 0.16761142411088836 0.17240576533904142
0.0 0.8854455672139958 0.21962956631513916 0.15882934116628367 0.21829208905006642
