1.0 0.42788024392966534 0.29142229562538174 0.10853026807279864 0.09717999418055187
1.0 0.6557098889559602 0.25098917582555275 0.0718573723525262 0.054959116548730536
1.0 0.1429342739456106 0.3625922162355945 0.09315904736876868 0.08853448033094768
1.0 0.5463226389311913 0.31714346674570637 0.06421153998229123 0.06432047075297381
1.0 0.2747653212257431 0.37607846167375736 0.0826161045160416 0.06629875690717901
4.0 0.8764399831928824 0.3739473137766501 0.23661385555882186 0.4208599454149039
3.0 0.8709260496509825 0.47422076270414154 0.25814790069803484 0.9276245108693101
4.0 0.6834037145954162 0.5530203613736548 0.20517875057643042 0.4490120364452081
4.0 0.16082385894733597 0.6884280019687912 0.24445332638019368 0.5063579507878606
4.0 0.42731998376074043 0.6362199914400873 0.23737524348323547 0.45566270476930143
3.0 0.4360734808551566 0.6209385904474648 0.24345531722664399 0.7581228191050704
3.0 0.1525816241250358 0.6559650482914686 0.25609975725412515 0.6880699034170628
3.0 0.27929442656799247 0.6599970333079006 0.2288222355902461 0.6800059333841988
3.0 0.700411110182515 0.5940128430373659 0.23983103066748201 0.7606861606858607
3.0 0.563019280513342 0.6299686243948066 0.19264952474548724 0.7363524925735934
1.0 0.8415945308615526 0.06960571449910434 0.08274113597290178 0.08091217574754789
