0.0 0.6520214368684542 0.1287953664197916 0.14320564772312228 0.18390114990747636
0.0 0.31684353768722084 0.1464957563519184 0.15349197027307732 0.18512560318047844
0.0 0.9387205969692505 0.3266398994536484 0.11236268618831391 0.2038183328029228
0.0 0.4924690724949291 0.2709836358790026 0.15330797863660123 0.236797988287527
3.0 0.1565224465715483 0.4324719061178 0.3130448931430966 0.8649438122356
3.0 0.3102080198409795 0.44761811729296885 0.2432899831343642 0.8541981484952605
3.0 0.6878607441738147 0.5296984837312416 0.3679604387147306 0.9406030325375166
4.0 0.15635084503810015 0.44881031700720764 0.3127016900762003 0.6826891565615205
3.0 0.871227734642788 0.6219541391833256 0.25754453071442396 0.7560917216333488
3.0 0.4602431208025036 0.5705315866436912 0.2955498219608051 0.8496056414818046
4.0 0.6817556056548701 0.6776148455468504 0.31400193819026934 0.6447703089062993
1.0 0.19361760862058414 0.041896070176131985 0.1315926577401345 0.08379214035226397
4.0 0.9130156337350752 0.7411090113396903 0.17396873252984946 0.5177819773206193
4.0 0.4377119770231215 0.6925182312281899 0.27785215842866934 0.6149635375436202
0.0 0.11159038852489932 0.7737430870831954 0.1843447826580267 0.297661945959548
