1 0.5297443254981707 0.28774176942460084 0.09827344959974443 0.10984076169239262
1 0.18243623187465138 0.2552044066558964 0.08677810673792563 0.10848581458680812
1 0.3850227097848993 0.2869577265316796 0.09058398558247055 0.07273431372307998
1 0.15442220981769975 0.3736963234623839 0.09227544153733719 0.11120236990522359
3 0.5372711514117028 0.43614652759452743 0.19430103865044718 0.44696010931392044
3 0.1926729170334311 0.45800087952173785 0.16433691361777114 0.48997119869162686
4 0.5362715293398326 0.5184496001376002 0.16084067890292758 0.31579873560121163
3 0.3708890764653232 0.502630938035381 0.22061308938689222 0.5017759290185253
4 0.3602799850217604 0.5176545890022662 0.17583083787297082 0.33618285376613705
4 0.20274741855722364 0.5179854141461473 0.11353072297029593 0.2895366667431945
3 0.12987145376553633 0.565042810074689 0.19762729279521354 0.4752779878080721
4 0.11930291443371324 0.6157694949434374 0.17082923903051883 0.35317623517334995
