0.0 0.3257468827501816 0.16107844258098103 0.15036065514424085 0.20697178031576188
0.0 0.6599595430290963 0.11254631103734579 0.16039220153607248 0.2102417293577564
0.0 0.057032577850733485 0.4142604819528569 0.11406515570146697 0.2199913058739526
0.0 0.49318923563284267 0.2709123751578732 0.1635284516452194 0.260202465979677
3.0 0.8265622684093517 0.4071577586591387 0.3468754631812967 0.8143155173182774
3.0 0.6853501278356531 0.4242092527156995 0.2901946136191095 0.848418505431399
3.0 0.3166605728375903 0.5374259184506697 0.4194648748913831 0.9251481630986607
4.0 0.8326366331063776 0.3804289902614168 0.3347267337872448 0.7258123420608197
3.0 0.14589786850322325 0.6517106845251419 0.2917957370064465 0.6965786309497162
3.0 0.5439139011929885 0.560629587165397 0.3404664049345513 0.8787408256692061
4.0 0.33178448710167757 0.6845842553497283 0.34791756720036393 0.6308314893005433
1.0 0.7734405881915583 0.018563882881624676 0.13774769787654062 0.03712776576324935
4.0 0.10607977028981783 0.7770707806602628 0.20991875147413913 0.4458584386794744
4.0 0.5742771099654838 0.6767553142506444 0.3090256288400422 0.6464893714987112
0.0 0.9021830689979363 0.6954277689435429 0.19563386200412736 0.3253857768130489
