0.0 0.3907002417678658 0.08576034009417678 0.14021498783579212 0.17152068018835356
0.0 0.7177926962923404 0.2152644969734484 0.15056164773543068 0.17558018091722497
0.0 0.0880135837746876 0.18073100133095654 0.10864955587863068 0.19741795074721513
0.0 0.532019505581411 0.2777671225232685 0.14918979964311413 0.2277102335301773
3.0 0.850721008215049 0.5144434822123628 0.29855798356990193 0.9294670541311112
3.0 0.6919243872748122 0.5130881483422239 0.22577117229903576 0.84389018880437
3.0 0.30981378039343627 0.48900535927569283 0.3484211001947143 0.9707024144260895
4.0 0.8464166112483817 0.5681050437072181 0.3071667775032366 0.6652056743363923
3.0 0.11965062775400699 0.5254921094968301 0.23930125550801398 0.8143191571594421
3.0 0.5314389164236689 0.5825048001191411 0.27858572209167315 0.8349903997617178
4.0 0.3002039974902698 0.6334937537324465 0.30092021040908223 0.6705387596926996
1.0 0.8542229568555033 0.11587410650487037 0.12899480371527616 0.15429188366470792
4.0 0.07230158987420848 0.6401851782413919 0.14460317974841697 0.6005543763927559
4.0 0.5398219239830078 0.7049685591763408 0.2658604435242332 0.5900628816473183
0.0 0.8518086137791414 0.8786393750987993 0.1790961229221183 0.24272124980240128
