1.0 0.7551500133035283 0.3462802722099091 0.0900231007624962 0.10459556400528397
1.0 0.617550272649777 0.45367510415341006 0.08071488230632584 0.11775058198409932
0.0 0.9026356814434151 0.35489614449689005 0.07801189390954644 0.1089848542150067
2.0 0.42902001911855747 0.6509341235540209 0.05641223157674791 0.13890223430835624
2.0 0.4953082550878092 0.6458014893956604 0.06174023405219814 0.14639402645614963
3.0 0.4415985404850402 0.7032166075612238 0.1097060204839636 0.3851316515503884
3.0 0.5048078025156046 0.6772636720457148 0.11205439746183254 0.3724748649154942
3.0 0.7847620140093255 0.5902175110564931 0.2006261494526207 0.6051831737992376
3.0 0.9167460029299599 0.5396927753679557 0.16650799414008033 0.5598789948947436
3.0 0.6209194605961661 0.6840283350277936 0.21701478682267294 0.5828334236465138
2.0 0.7947563409958218 0.6386814743595552 0.13866634727920213 0.3336465250240417
2.0 0.6306743723888881 0.7390665950976909 0.13493119238510898 0.3131448488664764
2.0 0.9245323091431792 0.6067476833937852 0.11238458683970065 0.2938540674220404
