0 0.6538046900518742 0.2950689365114319 0.03670527811272062 0.06640113926264657
0 0.40953157603143997 0.2521872383982049 0.046481973203459426 0.060053562008445166
0 0.4943822056732871 0.2918437614167868 0.03197150175441521 0.05641459957759115
4 0.5164966181396281 0.308875638969466 0.05897575582571846 0.08518526213888367
2 0.5949259115517849 0.35266481514604786 0.07026867192813724 0.156212686316841
3 0.5114702901703305 0.3593019541790763 0.09882567047558843 0.20297159593060216
3 0.5979114357532564 0.403951761736541 0.11210186308907555 0.3866887868104949
0 0.6715887820745737 0.4247258916652557 0.04427126566568629 0.07929779468340359
0 0.33125248702229126 0.3393757363722075 0.05257417538785486 0.08577971080869545
0 0.4140076481842282 0.3876955479843609 0.05428148596117194 0.09060757057917296
1 0.7938967305519626 0.5300572983158907 0.04120547029644428 0.0587303110091687
2 0.6657452569508819 0.5392686910722286 0.09560518343466495 0.19556438150648064
0 0.9025478077145516 0.6296665737785941 0.05955805038296935 0.09193086585192956
3 0.6678195012468688 0.5776926000956917 0.12498380107298035 0.41631752656731047
2 0.4119076962530656 0.5135145569628262 0.07810769372455617 0.20217557249783108
2 0.7620010498164039 0.6185405524564132 0.07760131118586133 0.15145203295331489
3 0.39562933352255714 0.5771994483770677 0.13247406369668407 0.47319228012489584
1 0.8826608320663913 0.703932475638339 0.04648196811356475 0.06005350303861001
3 0.7627940961824717 0.6796150549413533 0.11210174514940541 0.38668875723336976
0 0.224023879864937 0.5824049307928449 0.04516281290189347 0.05972268289450966
0 0.1777571752238851 0.5719506779072392 0.042021174663719185 0.08313326777997776
3 0.8696605464208202 0.7764796025114578 0.11097080931985515 0.23901516352984353
2 0.861823107138747 0.7814056881298779 0.09172362727326011 0.15059395575779166
2 0.10306852585490682 0.6175415298523357 0.09168417974933626 0.13518512242100955
0 0.4892439175727771 0.7339134806750598 0.05183731727838198 0.09219452386255844
3 0.11526975432122642 0.6401275595930773 0.15752857151230645 0.2550907011598581
3 0.24208085616155448 0.6776724558549208 0.12815886180666086 0.2587245552199926
2 0.23922883275017964 0.6872945795866813 0.0872233761197014 0.15826476922270705
2 0.5412132070068505 0.7641753658873197 0.08167401842368571 0.12387536131380283
3 0.5264298167090761 0.7949258851237677 0.1640848410769042 0.24133595375501504
0 0.6178014277330464 0.2515820782519127 0.05043932089880321 0.06104599286362122
