0.0 0.5297709703445435 0.3731343150138855 0.04427480697631836 0.06241518259048462
1.0 0.2274809181690216 0.3744911849498749 0.03816795349121094 0.05427408218383789
0.0 0.4267175495624542 0.3921302556991577 0.045801520347595215 0.056987762451171875
1.0 0.6969465613365173 0.4016282260417938 0.045801520347595215 0.048846662044525146
1.0 0.6114503741264343 0.41112619638442993 0.042748093605041504 0.06784260272979736
1.0 0.34580153226852417 0.42062416672706604 0.03969466686248779 0.05427408218383789
1.0 0.8129770755767822 0.4355495274066925 0.045801520347595215 0.051560401916503906
1.0 0.6282442808151245 0.49525101482868195 0.02748095989227295 0.05156037211418152
2.0 0.6007633805274963 0.5563093423843384 0.06106865406036377 0.20624148845672607
2.0 0.21526718139648438 0.5630935877561569 0.09007632732391357 0.2360922396183014
2.0 0.42442747950553894 0.5671641826629639 0.09007632732391357 0.22795116901397705
2.0 0.7083969712257385 0.5685210227966309 0.08702290058135986 0.1926729679107666
2.0 0.5259542018175125 0.5698778629302979 0.11603054404258728 0.2442333698272705
2.0 0.3328244388103485 0.5834463983774185 0.08091604709625244 0.23880597949028015
2.0 0.8114503622055054 0.617367684841156 0.09770989418029785 0.22523748874664307
2.0 0.6320610642433167 0.6363636255264282 0.0687023401260376 0.18181824684143066
3.0 0.5122137516736984 0.6417910605669022 0.10381677746772766 0.6268657147884369
3.0 0.33053433895111084 0.6580732613801956 0.08549618721008301 0.54545459151268
3.0 0.21374045312404633 0.6594301462173462 0.12061068415641785 0.6512889862060547
3.0 0.5923663973808289 0.6607869863510132 0.08396947383880615 0.5834463834762573
3.0 0.4061068594455719 0.6662144064903259 0.09923666715621948 0.5943012237548828
3.0 0.7114503979682922 0.6770692020654678 0.10534346103668213 0.5888738334178925
3.0 0.829007625579834 0.6879240274429321 0.10534346103668213 0.5563093423843384
3.0 0.6389312744140625 0.724559023976326 0.0824427604675293 0.49389418959617615
