0.0 0.7677778005599976 0.34122562408447266 0.10888886451721191 0.1086350679397583
0.0 0.14111113548278809 0.36072424054145813 0.08666670322418213 0.08635097742080688
0.0 0.5955555438995361 0.3844011127948761 0.0977778434753418 0.08913648128509521
1.0 0.42000001668930054 0.42061281204223633 0.08444440364837646 0.10584956407546997
1.0 0.26777780055999756 0.43036210536956787 0.07777774333953857 0.09192198514938354
4.0 0.6088888645172119 0.6169916391372681 0.15111112594604492 0.2757660150527954
2.0 0.7944444417953491 0.6309192180633545 0.21555554866790771 0.3871866464614868
2.0 0.41555553674697876 0.6434540152549744 0.1555556058883667 0.32311975955963135
3.0 0.8066666722297668 0.6462395638227463 0.2711111307144165 0.7075208723545074
3.0 0.12555557489395142 0.6545960903167725 0.19777774810791016 0.6908078193664551
3.0 0.6033333241939545 0.6685236692428589 0.19777780771255493 0.6629526615142822
3.0 0.4188888669013977 0.6699164360761642 0.19777774810791016 0.6155988276004791
3.0 0.2644444704055786 0.6977715939283371 0.17777776718139648 0.6044568121433258
