0.0 0.7052467602575072 0.39366095608418483 0.13338370873477545 0.15826621708075467
0.0 0.12493662481542053 0.4948601530489437 0.07151412648405671 0.08896158455513109
1.0 0.834443956871086 0.45464695948422007 0.07026006768390758 0.1078960893980967
0.0 0.47140384723540046 0.4868945641230804 0.0659844524027523 0.0858782538394332
1.0 0.07132822366904587 0.5284158178629501 0.08652742103031053 0.10625764121383308
2.0 0.4828630823201088 0.6593286366210913 0.12307919037798565 0.23908742350594114
3.0 0.6610716590271459 0.6543341887318235 0.2667957278157638 0.686020199346615
2.0 0.31675802507305917 0.7044326620565249 0.12631027752260587 0.22571747135778952
3.0 0.0936212900905971 0.7158428338550217 0.15168790287607117 0.5683143322899566
2.0 0.10001887571623377 0.7297097214859503 0.14095335406503662 0.2918915507222125
3.0 0.4829347545018603 0.7208338755519329 0.1399056981107018 0.5583322488961342
3.0 0.32625751392544805 0.7419226939189336 0.16610729402115873 0.5161546121621328
2.0 0.7260030913230319 0.7577647099698444 0.25318296161469767 0.4704899169429987
