0 0.8500000238418579 0.3157407343387604 0.15416669845581055 0.19814813137054443
0 0.40156251192092896 0.4314814656972885 0.140625 0.20370367169380188
3 0.6083333492279053 0.43518519401550293 0.18958330154418945 0.8703703880310059
3 0.1562499925494194 0.4407407343387604 0.2666666656732559 0.8444444537162781
4 0.17239584028720856 0.5148147940635681 0.17812499403953552 0.5037037134170532
4 0.6270833611488342 0.5592592507600784 0.23333334922790527 0.6148148477077484
3 0.870312511920929 0.6101851910352707 0.22395837306976318 0.7796296179294586
3 0.40156251192092896 0.6675925850868225 0.21145832538604736 0.664814829826355
1 0.8489583134651184 0.7888888716697693 0.21041667461395264 0.4037036895751953
0 0.6088541746139526 0.08888889104127884 0.15104162693023682 0.17777778208255768
0 0.15260416269302368 0.09166666865348816 0.14270833134651184 0.17222222685813904
