3.0 0.9287051503984745 0.7563905181457036 0.12154199662032683 0.3804155735595487
3.0 0.8400961989453144 0.7786305886874006 0.19764531858609713 0.3723264973100693
0.0 0.6377688594126768 0.8333508614360345 0.09934481172435716 0.1327522079557868
0.0 0.6594977988247388 0.8947019990300825 0.1573005618229485 0.18902795756148105
0.0 0.5045104038409002 0.9717973232132326 0.13379168580400386 0.05640535357353482
0.0 0.7299881072770745 0.2872712688798745 0.08601090989044402 0.09665307072851859
0.0 0.47122555218682854 0.32965321547626913 0.12189738573681386 0.16215873942933215
0.0 0.6171681157935331 0.3262901708463736 0.09133026591349636 0.10468703610109503
1.0 0.25290694983063633 0.37961239114635825 0.10441454107755213 0.16767520810667375
3.0 0.5339575262592682 0.34072505448860135 0.033857811872781474 0.08704767772229421
1.0 0.31057524446120355 0.3999232962713304 0.057242389270019955 0.1529571964199964
0.0 0.9742424935788698 0.34250827871974704 0.04023357628345536 0.07340126500558042
3.0 0.4016512505866633 0.44473852445024653 0.13006428542268478 0.23900096676599653
3.0 0.3190959928262529 0.465746685283546 0.08578265113077022 0.33239260013468547
3.0 0.7584559260153476 0.44877292896477305 0.16233555968679658 0.44734732333947175
3.0 0.21789301425815674 0.561259545250652 0.23047194188709458 0.5123488539859042
3.0 0.6509487287070829 0.5218500392437921 0.14647091435801207 0.5251355603959511
1.0 0.053661729131116234 0.6212987007397657 0.10611972124243221 0.17956096329395188
3.0 0.5184569034794805 0.5914459514860622 0.19163113976072937 0.7083917097435258
3.0 0.08414241603416729 0.7160987384013076 0.16828483206833458 0.5141872851597521
3.0 0.9678544752772412 0.6080694319674451 0.06429104944551756 0.633891992293319
0.0 0.9150613976110883 0.6320377818087455 0.09170419120505979 0.13384790329172325
0.0 0.8356785841153481 0.66852019108118 0.12038573099108119 0.1379297907921052
