2.0 0.1478380918183127 0.385408000522654 0.1483550592859394 0.34764582181054604
2.0 0.7929776937353601 0.6144422721078213 0.27235389307998115 0.5667805287230449
3.0 0.7814501412641296 0.5701396463233083 0.33806440310762786 0.8597207073533836
3.0 0.3147730437876636 0.5000961819161895 0.3243578578700583 0.9492240920221116
3.0 0.12924750781073774 0.47340718892634875 0.2458081169511445 0.8066015372877392
2.0 0.2920484662940459 0.5285169836463686 0.23808746787394985 0.5458805215647689
1.0 0.7950358445783936 0.22199779410860582 0.14395442408781212 0.15725791242015455
0.0 0.3845251299028305 0.13672462974288546 0.16843142126997385 0.189981670591037
1.0 0.8861937027603268 0.2749854966033355 0.08720158044742088 0.12092074131662933
1.0 0.13090756366924958 0.14317631777983958 0.09841285381546909 0.12144458697336845
