1.0 0.7581963003263132 0.3632982304778737 0.08933707073339603 0.09987279980979502
1.0 0.6184400338352094 0.46149842552686693 0.07952246065414359 0.11400425717095825
0.0 0.9053987502090639 0.38168331696084945 0.07697555540365719 0.10526578379055751
2.0 0.4259041118050267 0.6461247092851743 0.054215476604970614 0.1374365888801169
2.0 0.4922539002591395 0.6453891620532228 0.05947153374056402 0.14467536452306973
3.0 0.4373774675823044 0.6992045377567886 0.1026639953980446 0.3846233047182629
3.0 0.5010870471171982 0.6774590923738314 0.10536503679561599 0.3715300186898171
3.0 0.7826720838558688 0.6090285350005611 0.19013556408228016 0.6022348735313985
3.0 0.9163206309362313 0.5673329053364122 0.15783668727321964 0.5584991185737688
3.0 0.6169761204522033 0.6919148182125809 0.20739623391368667 0.5781824737713577
2.0 0.7916431203722352 0.6581212196094146 0.133454094648641 0.3298852516528588
2.0 0.6255700380305841 0.747561360847703 0.1301366687214156 0.3092504143899778
2.0 0.9219985530402207 0.6348110521230073 0.10759555927629694 0.29128308757037263
