3.0 0.6658333241939545 0.31562502682209015 0.15000003576278687 0.5812500417232513
1.0 0.559166669845581 0.3487499952316284 0.1833333969116211 0.1899999976158142
1.0 0.7970833480358124 0.3762499988079071 0.12916666269302368 0.1524999737739563
1.0 0.8966666460037231 0.38749998807907104 0.10833334922790527 0.125
3.0 0.7824999988079071 0.4675000011920929 0.2083333134651184 0.3774999976158142
3.0 0.9154166877269745 0.5012500286102295 0.13749998807907104 0.3400000333786011
1.0 0.30416667461395264 0.5037500262260437 0.29833340644836426 0.375
3.0 0.5699999928474426 0.5631250143051147 0.24166667461395264 0.6187499761581421
3.0 0.23416668176651 0.6512499898672104 0.44166672229766846 0.6524999439716339
1.0 0.6924999952316284 0.07500000111758709 0.0666666030883789 0.09999999776482582
