2.0 0.3981674300485553 0.47990869461282337 0.06892134409710793 0.1217249536257346
2.0 0.4842880705523398 0.49305829592921646 0.09236234774970215 0.1874370717855427
2.0 0.605062561915308 0.516245259937324 0.09111273759657801 0.1600623714143362
2.0 0.16838248905910086 0.5035183086760795 0.09825119556928469 0.1844430651049137
2.0 0.3165524687255249 0.531178540332815 0.0957859753378863 0.17254479871235096
2.0 0.7210956838167424 0.561371727594567 0.05990331426308115 0.18012144699503357
2.0 0.7869023783012485 0.5833906498450808 0.1109116918005455 0.29998566508582747
3.0 0.3912504563104537 0.5767803157079948 0.09278575003065392 0.4817545145955891
3.0 0.7165760760163842 0.6081011714008171 0.07294059112483298 0.5052218223839176
3.0 0.48541567492957877 0.6023779383158734 0.144832245732483 0.6059098758684653
3.0 0.6048888117067537 0.6136988270036019 0.13320104168828184 0.535623930778888
2.0 0.05790820039997135 0.5944274762623448 0.1158164007999427 0.40701038757586555
3.0 0.3032153942161999 0.620169288281909 0.142871995963011 0.561076407045143
3.0 0.060140355954586826 0.6218102590556784 0.12028071190917365 0.7163444768321864
3.0 0.7721191770596731 0.658007547030046 0.1677038902427498 0.6839849059399079
3.0 0.1713174836444386 0.6370013614132186 0.1509958123558661 0.6839201491353729
0.0 0.4958503724967382 0.33011273568775323 0.0609710299324816 0.047860844006105685
1.0 0.1850405613279351 0.3306867777608883 0.0582824879146403 0.06749960036422376
0.0 0.7857297053670396 0.36551483552815905 0.0594200429791103 0.06237833007713367
0.0 0.41232086038365656 0.3619335064194178 0.03798217675028254 0.04338539579212747
1.0 0.616561086235643 0.38373869227685503 0.043511261988087524 0.05214475921205286
0.0 0.7331702130314464 0.38972092309006845 0.04592293272957959 0.06168590718500894
0.0 0.33078964872530514 0.37497784927858724 0.06229097548203727 0.05075381667619727
