1.0 0.8956982481987066 0.3227576344536011 0.10426915407848625 0.1345538335696027
0.0 0.7696865043520323 0.3620366329886748 0.0646357499187995 0.06886092497475482
1.0 0.4634545937909647 0.38600021770134685 0.05634299097379425 0.1219715387379704
1.0 0.6665806833361472 0.3872137488578007 0.04172386218906887 0.07507151706692555
1.0 0.1155632190788701 0.4194103506353698 0.0854786381812525 0.08139669401958033
1.0 0.5801486600137729 0.421737263072382 0.056316745609588326 0.087596549360213
4.0 0.6718736943089442 0.4981422348193059 0.08970490197264769 0.15952880052561536
4.0 0.7833331753384971 0.49951326791210127 0.054309795573773356 0.1875929287644929
3.0 0.7739998996865216 0.5542168223125303 0.10241967615964398 0.44080005983351883
4.0 0.4677536734794908 0.5594304223017038 0.10644079371005838 0.2501823605442832
3.0 0.6729618702501481 0.5590778994672394 0.11282913842997533 0.4314429545132298
4.0 0.9031748284871872 0.5649324494209048 0.16068384254819346 0.3502753706356104
4.0 0.5876001283314333 0.6310996235023958 0.10857664422103386 0.3189359182596413
3.0 0.8967890336225183 0.6368181151180995 0.20642193275496346 0.725353860598019
3.0 0.4626121698043653 0.6469393330267353 0.096300942796686 0.6126642104429574
4.0 0.13761357292336113 0.6490601333477835 0.191912288941038 0.3222040249748338
3.0 0.12824214827732922 0.6537637085725507 0.21085552745153066 0.5753610512844106
3.0 0.5720097347009312 0.6764388998640914 0.12754370486962496 0.6033428942091341
