0.0 0.5960025962494524 0.0837283995405244 0.1443734740613335 0.1674567990810488
0.0 0.273567055423941 0.23742879708483555 0.1546301776252449 0.18897804242654903
0.0 0.9012653370356446 0.1401544243234905 0.11384271760171694 0.20636482587445548
0.0 0.4610197200743439 0.281309599999904 0.15493628217937466 0.2404378803833281
3.0 0.15640275201885098 0.5371646158601207 0.31280550403770196 0.9256707682797586
3.0 0.30879063800213713 0.5322043150386804 0.25040478453898324 0.8580575203531802
3.0 0.6895399781422731 0.4840169360277812 0.37585137744527586 0.9680338720555623
4.0 0.15945143245242002 0.6026279878924191 0.31890286490484004 0.6895873361774718
3.0 0.8746046613294136 0.48659227491564894 0.2507906773411729 0.8320453136214132
3.0 0.4712209945938565 0.579111723833323 0.3024117365527611 0.8417765523333541
4.0 0.7036930765801297 0.6133619733536004 0.3192538747858239 0.694055812246376
1.0 0.134215883455165 0.15179831396951052 0.13260380045430528 0.16573119202367614
4.0 0.9251917684576059 0.5963420621089741 0.14961646308478838 0.6109920089903532
4.0 0.4670473608129031 0.701638778343898 0.2826710898935005 0.5967224433122039
0.0 0.16138685601746053 0.8920780556989785 0.18642513543633538 0.21584388860204307
