0 0.4652299386849573 0.37721756776654003 0.04665927680572313 0.06785232984864964
1 0.766809336097434 0.34037003268201654 0.04024224576372448 0.05896009615870412
0 0.5687823566211578 0.3831423858453419 0.04796503850892453 0.06263157768099958
1 0.29961710382689855 0.4267656705382501 0.04763940731335958 0.05451107865678273
1 0.3852768433484124 0.4254352904348313 0.045353515102521835 0.07307308201629953
1 0.6506333539702254 0.40133867743360063 0.041765095725333046 0.059153029825136316
1 0.18523700811052243 0.47526412899460224 0.04774795263460918 0.05721795130073026
1 0.3718902945739189 0.5114695055013189 0.029473751903261847 0.054902717576637894
2 0.4017438902835344 0.56890050897208 0.06916345211870012 0.21343694778660982
2 0.7865359348892608 0.526951700181318 0.0992917033340337 0.24687791514716417
2 0.5780677724504397 0.5574439743761609 0.09896607333051488 0.23875744584985364
2 0.29487111870646804 0.5946831483805395 0.09450930091969742 0.20318265032236177
2 0.4769064956715715 0.5729809140457947 0.12550590397661376 0.2582783312923382
2 0.6700902709493501 0.5621089371727097 0.09026314888563258 0.2484271857925187
2 0.19403229804012723 0.6564292545932324 0.1064717802013995 0.23701530099187973
2 0.37372745187200135 0.652707359221018 0.07580092963176566 0.1900401935646373
3 0.49348858970866494 0.6429757256756921 0.12862773605444294 0.6383989328317541
3 0.6753595028886086 0.6362575533937057 0.10709716033749728 0.5548786121524223
3 0.7919120954773665 0.622851541435312 0.146356037480597 0.664882678040604
3 0.4142985657522328 0.6720526253555408 0.10709392222450914 0.5925813306900329
3 0.6003038546842793 0.6539283398599065 0.12275665781122069 0.6053380465548709
3 0.2961671750110496 0.7014972253263565 0.12863091113748037 0.5970055493472871
3 0.1793416066189265 0.7224593900366271 0.12732838277908343 0.5550812199267459
3 0.3704023040916039 0.7415477771623591 0.10198912553555023 0.5030628185764966
