0 0.42790898810162803 0.3526762900819631 0.08298024571623375 0.13770961052772246
0 0.24955204502970257 0.4471387601353051 0.0774832361526836 0.13246339513122274
0 0.1337247923946297 0.5252521417224172 0.07656808325007199 0.12435110147499184
1 0.5735446226427798 0.3141835939170535 0.06473692527569996 0.09556559465518338
1 0.6700099697912729 0.3011928683915814 0.06587934500341719 0.11656286286661813
1 0.798006353884683 0.28845768870848504 0.07985194971653287 0.12084948900218015
1 0.5056105882252465 0.507240020604499 0.0568713116500128 0.10193328418424957
4 0.4357385841447249 0.6284820170397925 0.1397557376025657 0.3801066020098035
4 0.28024852967936464 0.7131749049172071 0.14335063550083493 0.3358815227437605
2 0.5985558089196059 0.5601757291919736 0.12258308250770267 0.32571311738502884
3 0.4302356565043983 0.647555696359756 0.20262030536627323 0.704888607280488
3 0.27867840721545906 0.686166861631509 0.21239401003056382 0.627666276736982
4 0.1568219438170699 0.8091659377385998 0.15105457996619182 0.3816681245228005
3 0.14723971745883582 0.7216004271640079 0.2078899353301606 0.5567991456719843
2 0.7017771810831519 0.5524374649908874 0.1399889805281489 0.3495639732038985
3 0.6043517865758737 0.6115536712150114 0.19445567380627948 0.7236768423092851
3 0.7017741656574848 0.5766933754145221 0.19171021509844444 0.699339961340593
2 0.8249644964413745 0.5334965368688399 0.15533735739627774 0.3443052375415137
3 0.8174428581391362 0.5457397318848152 0.22256243961828448 0.6684608442564975
3 0.5174925070129759 0.7205914200058179 0.20463013751817904 0.5588171599883642
2 0.5236354978845201 0.7580795622981709 0.12380931832013387 0.29310191463443924
