2 0.39777010679244995 0.4851415306329727 0.06626880168914795 0.11839625239372253
2 0.48413944244384766 0.4938679188489914 0.08825373649597168 0.18301883339881897
2 0.6053705811500549 0.5108490586280823 0.08762562274932861 0.15566039085388184
2 0.16865575313568115 0.5205188393592834 0.09422111511230469 0.17971694469451904
2 0.3173680901527405 0.5405660271644592 0.09202265739440918 0.16792452335357666
2 0.7223618030548096 0.550000011920929 0.055904507637023926 0.1773585081100464
2 0.7886306345462799 0.5686320811510086 0.10427135229110718 0.29481133818626404
3 0.3930590748786926 0.5823113322257996 0.08197236061096191 0.477830171585083
3 0.7189069986343384 0.5969339460134506 0.061557769775390625 0.502358466386795
3 0.4877512454986572 0.6030660271644592 0.13128137588500977 0.5995283126831055
3 0.6074120700359344 0.6082547307014465 0.12123113870620728 0.529716968536377
2 0.0568467378616333 0.6172170042991638 0.1136934757232666 0.4014151096343994
3 0.3060615658760071 0.6301887184381485 0.1303391456604004 0.5547170341014862
3 0.05763190984725952 0.6445754766464233 0.11526381969451904 0.7108490467071533
3 0.7757537662982941 0.652830183506012 0.1520100235939026 0.6943396329879761
3 0.17462313175201416 0.6537736058235168 0.13567841053009033 0.6773585081100464
0 0.49199122190475464 0.3304245173931122 0.059987425804138184 0.04481130838394165
1 0.1813756227493286 0.3469339609146118 0.0568467378616333 0.06462264060974121
0 0.7825062870979309 0.350943386554718 0.058102965354919434 0.059433937072753906
0 0.4092336893081665 0.36650943756103516 0.03706026077270508 0.04150944948196411
1 0.6138505041599274 0.3778301775455475 0.042399466037750244 0.050000011920928955
0 0.7305276393890381 0.3778301775455475 0.04459798336029053 0.059433937072753906
0 0.3280465006828308 0.38372641801834106 0.06124377250671387 0.04764151573181152
