1.0 0.495634981491014 0.28400391572648376 0.09748177866233643 0.10842339788831967
1.0 0.8422927968871912 0.32751442519645624 0.0859752208036838 0.1072576943577121
1.0 0.6385813465453807 0.31474381024838344 0.0901118636094117 0.07136968525595888
1.0 0.8559917346749568 0.4505774337595684 0.0914592038173554 0.1098879666431341
3.0 0.4707291854203969 0.428854562858753 0.19066013226299644 0.44462661376566026
3.0 0.8083069291152927 0.5254647941739581 0.16024632695278374 0.488225950537579
4.0 0.4620239070338969 0.5103132154167668 0.15831623936877592 0.31375651934203014
3.0 0.6271349759683276 0.530711503961354 0.21653072256798744 0.4991147814973438
4.0 0.6358379802210403 0.5478514603107636 0.17315288517872174 0.33393184805288506
4.0 0.7912986963051075 0.5824814820711808 0.11114702330947823 0.28823109605528285
3.0 0.857692747146199 0.6448007061371082 0.19373743275788646 0.47294671600897836
4.0 0.862151332582594 0.6971741302988061 0.16798761190572875 0.3510434465725709
