0.0 0.6822878389540734 0.2007248387616984 0.01653906088342938 0.030235201536349288
0.0 0.642361839594464 0.21224536778073094 0.017157805391580183 0.032167622871025814
3.0 0.6417097050704728 0.2291021086842842 0.03284404744044067 0.07503792055147085
0.0 0.7253244628924755 0.21750693016094919 0.015819973614430438 0.026459520455875463
1.0 0.8305033701441551 0.20313192594584972 0.017575867607684148 0.030413584041569658
2.0 0.6827812864637637 0.24343153734320755 0.029833969221112255 0.0763460179497415
2.0 0.6431228355826923 0.25025476282480036 0.0264390989354778 0.06115409679253228
3.0 0.6824468717987346 0.2565126045822197 0.0399681360616877 0.149302686642019
2.0 0.7992399194165862 0.23920910423355574 0.02685716276640593 0.05940008762680704
2.0 0.8318831122553589 0.2428953894831063 0.02632206257968106 0.06843787036378393
2.0 0.7294132719874933 0.263781191760481 0.031957692704053464 0.07762436554613261
3.0 0.7986546644927603 0.26210098442140206 0.036489764514662903 0.15144317537362983
3.0 0.7274483607035682 0.27574739675958443 0.04317901603539942 0.15168108465431562
3.0 0.8300854517850595 0.2627399661608596 0.04068728185073622 0.15307836309791195
