0.0 0.8129052769838276 0.4134066084374348 0.08674079981154625 0.1595251965615393
1.0 0.3058036160481041 0.1577326351231436 0.06794183759503247 0.13610874895236696
0.0 0.5711746672805771 0.2942069236725903 0.054288496082301685 0.09916500525611738
0.0 0.5060052774815672 0.26362982025951015 0.06823357207385494 0.11088162003712645
0.0 0.7293952661461441 0.38002951548765157 0.07976206741400871 0.13982245279486605
3.0 0.4362799663874356 0.25428253716946186 0.0798075772539868 0.24134841662955894
0.0 0.3938426937288265 0.23790066104739144 0.060354800987639234 0.11148237979945866
3.0 0.6397858293666665 0.4377472807791145 0.15959448008841104 0.4365486443761626
3.0 0.48216315414114475 0.3731629107657799 0.12985873374540047 0.35219640022409043
3.0 0.5636942059400345 0.42777407576992565 0.13290433995753215 0.38604404750853344
3.0 0.38106248229470585 0.3569931886647439 0.1247131348057346 0.36572365322132694
4.0 0.6379464708147057 0.4891445719111416 0.09767750810004316 0.22046092738892448
4.0 0.47880931431661894 0.42117212735371734 0.10678527998077658 0.25739632005808577
3.0 0.7112925181133067 0.5422034620687625 0.13294156596711149 0.46911070966595125
4.0 0.7144694672100952 0.5582134995437552 0.08708217248502437 0.24505368218453488
4.0 0.5541198613393028 0.4896235130009646 0.10345623221663736 0.267235067367895
4.0 0.37134437620628846 0.39914406159372495 0.12406762082528466 0.27773338749278254
4.0 0.7952215157946896 0.666070452623018 0.14562456153387293 0.36945419683004377
4.0 0.9096403942421714 0.7361245531922451 0.16170692300412337 0.4168626752005692
0.0 0.4999834448386986 0.5418588947966981 0.0776371743101178 0.1318194908643729
0.0 0.40874466768940654 0.5032368932456132 0.06369210188984892 0.12010290499005
0.0 0.6127336421427472 0.6149881595371454 0.07399990024435821 0.1299668294503874
3.0 0.17610106872726866 0.4110249214070522 0.2134112376982511 0.8220498428141044
3.0 0.2653629456581788 0.45898963797807574 0.18096311656577146 0.7842373399605466
3.0 0.8952427798169386 0.6872179431089596 0.20951444036612288 0.6255641137820809
0.0 0.6784926771083304 0.6877329393769727 0.07582476951389616 0.14473768352379557
3.0 0.7816975369467692 0.6665006425049733 0.21765271295459043 0.6669987149900533
0.0 0.270783700449709 0.5507188162064627 0.0819034632227556 0.184743930819474
3.0 0.5938705399496591 0.7728367207204512 0.14506595690332957 0.45432655855909765
3.0 0.48034963235812994 0.7348868219357717 0.16055239208518735 0.5302263561284566
3.0 0.36637875966434935 0.6896863603865133 0.16963942459041703 0.5362471081431128
3.0 0.6884238830596463 0.8079866370600051 0.18629696192329293 0.38402672587999
0.0 0.3926778527211531 0.11693869715478492 0.05975068294583313 0.11578843456382965
0.0 0.5101298547146175 0.18330429203658483 0.055200923574501515 0.10655037447944934
0.0 0.35008022914994397 0.12271718016385236 0.05640921747148586 0.09793829439777009
0.0 0.2241329447608303 0.07467265052422861 0.09613198255195896 0.14934530104845722
0.0 0.4450959804077921 0.1933551933674283 0.05610924430793618 0.10470615817437576
0.0 0.6449934924147909 0.3017141621551321 0.07824135195093851 0.12751348000040783
0.0 0.9379443300380284 0.46008624886717275 0.0955402840060029 0.18476912215315688
