4 0.06262147315285801 0.26535981694526517 0.09643097461729419 0.17804549404658424
4 0.8006889966583285 0.18579150544507333 0.0949151513673514 0.1562889905728738
4 0.8763654676647629 0.18963835357635989 0.0713498726373798 0.1710395866504494
3 0.06820498575768129 0.3304669328474007 0.1265266823953536 0.4041004748618913
3 0.8048649328413173 0.23069614831268578 0.11279508064951471 0.3835031004452471
3 0.8770002847815105 0.22881407204349374 0.09414669094690353 0.38057972652705563
4 0.5786720042344546 0.29129094741622086 0.2353856223536106 0.3781277503388062
3 0.5835612671221682 0.4449631076405252 0.33163837008322583 0.8899262152810504
1 0.4984755582609984 0.057214250835171405 0.09973858890441767 0.10785909610898163
1 0.7824247768515806 0.07397094713465692 0.04632817577318349 0.047226183629854535
1 0.858534400776796 0.08403393316415544 0.03432893004977067 0.051493395074656154
