0.0 0.5047542887713266 0.3097228561883648 0.053330613305441865 0.06218738982412758
0.0 0.42372258907910465 0.3156564248300408 0.049483857762665395 0.09365326879946467
0.0 0.813629851231482 0.302474268206244 0.05774189652494188 0.06070958349536698
1.0 0.5872103543925795 0.32040224568031306 0.062498204605258345 0.07755778669357477
2.0 0.8286452278170897 0.4210523710019458 0.10106360460539421 0.18073654329385436
2.0 0.5086094846881779 0.455451031657989 0.10048611844105176 0.20901153728054023
2.0 0.4231820953533388 0.4640717999219731 0.06431742884211955 0.17418595608846288
2.0 0.6099312005800613 0.46449759077837793 0.10924601266806677 0.20272392541474193
3.0 0.821312483280163 0.5038958799479714 0.13098736174143422 0.4733220988192098
3.0 0.40882469828261553 0.5280385447663597 0.12396549240782861 0.5129767785340251
3.0 0.5077212112896841 0.5263501955258401 0.11930322243593516 0.5011265754101824
3.0 0.598406734659566 0.5608573309808806 0.1246869097084986 0.5512948878253863
