0.0 0.36533331871032715 0.2590909004211426 0.03200000524520874 0.05909091234207153
0.0 0.6106666922569275 0.2772727310657501 0.04266667366027832 0.050000011920928955
0.0 0.5233333110809326 0.2954545319080353 0.02799999713897705 0.050000011920928955
4.0 0.4999999850988388 0.3068181872367859 0.05333331227302551 0.0727272629737854
2.0 0.41866666078567505 0.33068183064460754 0.0586666464805603 0.14318180084228516
3.0 0.5006666779518127 0.3579545319080353 0.08399999141693115 0.18409091234207153
3.0 0.4113333225250244 0.3806818127632141 0.08133333921432495 0.3704545497894287
0.0 0.33666667342185974 0.38295453786849976 0.03866666555404663 0.07045453786849976
0.0 0.6806666851043701 0.38295453786849976 0.046666622161865234 0.07499998807907104
0.0 0.5946666598320007 0.4102272689342499 0.04799997806549072 0.07954543828964233
1.0 0.20666666328907013 0.45681819319725037 0.03733333945274353 0.050000011920928955
2.0 0.33266666531562805 0.49772725999355316 0.08133333921432495 0.1772727072238922
0.0 0.09066666662693024 0.5284090787172318 0.0533333420753479 0.07954546809196472
3.0 0.32733333110809326 0.5352272987365723 0.09200000762939453 0.39772725105285645
2.0 0.5860000252723694 0.5352272838354111 0.06266665458679199 0.18863633275032043
2.0 0.23066666722297668 0.5522727370262146 0.06666666269302368 0.13636362552642822
3.0 0.596666693687439 0.6022727489471436 0.09466671943664551 0.4545454978942871
1.0 0.10400000214576721 0.6068181991577148 0.04266667366027832 0.04999995231628418
3.0 0.22466666251420975 0.612500011920929 0.08133332431316376 0.3704545497894287
0.0 0.765999972820282 0.6499999761581421 0.04133331775665283 0.04999995231628418
0.0 0.812666654586792 0.6511363387107849 0.03600001335144043 0.07500004768371582
3.0 0.110666673630476 0.6818181872367859 0.09333334118127823 0.21818184852600098
2.0 0.11800000071525574 0.6886363625526428 0.08133333921432495 0.13181817531585693
2.0 0.8826666474342346 0.7147727012634277 0.08266663551330566 0.11590909957885742
0.0 0.4906666576862335 0.7340909242630005 0.04533332586288452 0.08181822299957275
3.0 0.8686666488647461 0.7340909242630005 0.13999998569488525 0.22272729873657227
3.0 0.7400000095367432 0.7397727370262146 0.10933327674865723 0.2340909242630005
2.0 0.7419999837875366 0.75 0.07599997520446777 0.1409090757369995
2.0 0.43666666746139526 0.7511363625526428 0.07333332300186157 0.10681819915771484
3.0 0.44866667687892914 0.7852272987365723 0.14800003170967102 0.20681822299957275
0.0 0.4046666622161865 0.22499999403953552 0.04666668176651001 0.050000011920928955
