0 0.8638389532324878 0.44775352426787185 0.1738065588556441 0.2503163900496796
0 0.41160289749665346 0.3969294779939335 0.1611979936681462 0.25079797203514925
3 0.6135178120710171 0.47621292112577784 0.2862916941305578 0.9211050566253616
3 0.17491612001844425 0.3890992961695009 0.3498322400368885 0.7781985923390018
4 0.17769490686309172 0.39462475621908416 0.23262772150311756 0.5580963148228567
4 0.6175016431399202 0.6044912285981552 0.2995179641995682 0.6870296297009714
3 0.8474572450834612 0.6604417927261296 0.3050855098330776 0.6791164145477409
3 0.38426702832689763 0.6279852775282435 0.28390007138934226 0.7279548371162056
1 0.8080406120190886 0.837181729388009 0.2526504655269407 0.3256365412239818
0 0.6541200936698286 0.137521661106583 0.16839001131511044 0.22923869821173598
0 0.2073171454220849 0.0418355347050693 0.1595919411098431 0.0836710694101386
