1.0 0.5810909193057876 0.2989820556150323 0.11071260000011429 0.10629124786006455
1.0 0.3555224415493103 0.23617725068568218 0.07287587761239944 0.06118480788342065
1.0 0.8623074308023368 0.3980877089320628 0.09526492126057506 0.09624994598430697
1.0 0.46177875473332686 0.3129718809762446 0.06581288807029528 0.06957063893028714
1.0 0.7301709226272772 0.3985492078776792 0.08392848906139194 0.07339253847407218
4.0 0.12988856296088164 0.3371107843179053 0.2508699185427723 0.43642177622814765
3.0 0.13906734903435922 0.45263298362440124 0.27813469806871843 0.9052659672488025
4.0 0.31467222466541483 0.5348263187088478 0.22136136312952456 0.4607758760256004
4.0 0.8301986556792795 0.7214564638477574 0.26243360685501904 0.5209623662913844
4.0 0.5665624213312662 0.6430905270984082 0.2531973226605991 0.470586049852758
3.0 0.557865510294775 0.6217618892257127 0.2742089284134753 0.7564762215485745
3.0 0.8381414157461536 0.6702649337474175 0.2856344260545267 0.6594701325051651
3.0 0.7123503054912462 0.6685301062361728 0.2568392285597354 0.6629397875276544
3.0 0.2959078137491945 0.5740537388264397 0.2694650347700801 0.7695818121545993
3.0 0.4314296586406039 0.623475695908951 0.22214889569472468 0.7409184262668564
1.0 0.17797606379300318 0.040360124624604025 0.0847150864420681 0.08072024924920805
