0.0 0.49166667461395264 0.3100000023841858 0.052222251892089844 0.06000000238418579
0.0 0.5727777481079102 0.3125 0.047777771949768066 0.09166669845581055
0.0 0.1827777773141861 0.31583333015441895 0.056666672229766846 0.05833333730697632
1.0 0.4094444513320923 0.3241666555404663 0.06111109256744385 0.07499998807907104
2.0 0.17000000178813934 0.4349999874830246 0.09777778387069702 0.17666664719581604
2.0 0.4905555546283722 0.4558333456516266 0.09666663408279419 0.20499998331069946
2.0 0.5761111378669739 0.460833340883255 0.06111109256744385 0.17166668176651
2.0 0.3894444406032562 0.46916666626930237 0.10555553436279297 0.19833332300186157
3.0 0.17888888716697693 0.5174999833106995 0.12222221493721008 0.46833336353302
3.0 0.5916666388511658 0.5241666436195374 0.11444449424743652 0.5083333253860474
3.0 0.4927777647972107 0.5266666412353516 0.11000001430511475 0.49666666984558105
3.0 0.4027777910232544 0.5650000125169754 0.11444443464279175 0.5466667115688324
