1.0 0.7657486553877612 0.4213791264445913 0.08615219185423917 0.08313115489109274
1.0 0.6202129753064232 0.4879538392968272 0.07474900185931055 0.10037399321090412
0.0 0.9105261514029668 0.4721310802427695 0.07274780780850987 0.09181426597831471
2.0 0.41626723873851157 0.6286289222379358 0.04635014719205299 0.13116995540897303
2.0 0.4821544710279125 0.6425522519757705 0.05131358636977679 0.13749281685758408
3.0 0.4239426345059264 0.6838314482071222 0.07816628500978134 0.379059121036932
3.0 0.48867822850298714 0.6763245419683563 0.08201525525253728 0.3646431342232574
3.0 0.7728638262018039 0.6706113845841797 0.15326675603102613 0.5863508051160526
3.0 0.9083907001682838 0.6587546711193706 0.12270835029534843 0.5482812723190161
3.0 0.6026594794977069 0.7162620941852881 0.1732594257398934 0.5568670597987164
2.0 0.7783348976651409 0.7213050208998131 0.11474351510459013 0.3140328439196006
2.0 0.607298386005243 0.7733755357201857 0.11285138044506982 0.29316194334071943
2.0 0.9093094359431311 0.7269640775465258 0.09055540767289794 0.27978528107812795
