1 0.44749999046325684 0.2786116302013397 0.10250002145767212 0.07692307233810425
1 0.6768749952316284 0.2851782441139221 0.06875002384185791 0.04127579927444458
1 0.1587499976158142 0.29080674052238464 0.08750000596046448 0.07129454612731934
1 0.5625 0.32833021879196167 0.059999942779541016 0.052532851696014404
1 0.28812500834465027 0.33114445209503174 0.07875001430511475 0.050656676292419434
4 0.8843749761581421 0.452157586812973 0.20375001430511475 0.38273924589157104
3 0.8893749713897705 0.5544090121984482 0.21875 0.8911819756031036
4 0.6768749952316284 0.590056300163269 0.16875004768371582 0.41838645935058594
4 0.14687499776482582 0.6172608137130737 0.20375000685453415 0.46904313564300537
4 0.4156250059604645 0.6200750470161438 0.20125001668930054 0.41838645935058594
3 0.4243749976158142 0.6210131198167801 0.17624998092651367 0.7579737603664398
3 0.1381250023841858 0.6219512075185776 0.1912499964237213 0.7335834801197052
3 0.26499998569488525 0.6332082748413086 0.16750001907348633 0.692307710647583
3 0.6899999976158142 0.6341463327407837 0.17499995231628418 0.7317073345184326
3 0.5506250262260437 0.6416510343551636 0.12874996662139893 0.7166979312896729
1 0.8774999976158142 0.14352720975875854 0.07749998569488525 0.06566604971885681
