4.0 0.10689482030430447 0.4441795692343244 0.16379094350017592 0.33453962492066436
4.0 0.552687671979762 0.47587117930082634 0.19532286443840363 0.4718882719050943
2.0 0.8266370382358588 0.5015555430971742 0.18713446280885193 0.44378244967984065
2.0 0.2969912367829602 0.48709416156034024 0.18882143662815976 0.3383923074337614
3.0 0.5558742311932331 0.525176950647186 0.244078556952607 0.949646098705628
3.0 0.8228321994571939 0.5420333124635124 0.24377603417441074 0.9159333750729751
3.0 0.30065623813807885 0.5622738782896696 0.23037199246170598 0.8674946231140519
3.0 0.1023319968886777 0.5647758202022006 0.2046639937773554 0.8443376095273551
0.0 0.557050050003608 0.09817045311416325 0.07919886389463737 0.08389364926412109
0.0 0.8267727893358257 0.14729092602303226 0.10133221218692301 0.10427366306770679
0.0 0.2933600276107607 0.17990347134863197 0.09188428513302274 0.09831634586654314
1.0 0.12363262195963781 0.1906588706627849 0.09325725302715382 0.08449875401697005
