2.0 0.8600256624185052 0.47838910086818076 0.11370866400781188 0.32360544106264205
2.0 0.1982901361138791 0.5368016274316065 0.21726887243755438 0.519365186686024
3.0 0.20911470643472593 0.5443489101098496 0.23938957667825406 0.9103989651735763
3.0 0.6824444213647882 0.5477112732175898 0.22605047718187532 0.9045774535648203
3.0 0.8682527311547128 0.569889522603847 0.16090206863280432 0.7773613921129736
2.0 0.7015717448200742 0.5819831302436307 0.18392097837589494 0.5067463526624207
1.0 0.241239785589052 0.14969582145605917 0.13181201408351087 0.12565888444314172
0.0 0.6553810489532731 0.17208677649754586 0.15351063087942496 0.15328467393345435
1.0 0.14537312253495593 0.17826615673662505 0.07678590111548209 0.102958079110648
1.0 0.904464378814094 0.24416960497148982 0.08844966531631482 0.10048245192919572
