1 0.26875001192092896 0.17175926268100739 0.06458330154418945 0.07685184478759766
1 0.14895832538604736 0.21759259700775146 0.06666672229766846 0.09444445371627808
1 0.7177083492279053 0.2203703671693802 0.0625 0.0833333432674408
1 0.4348958134651184 0.22592592239379883 0.05416667461395264 0.08888888359069824
1 0.9281249940395355 0.27314814180135727 0.06562501192092896 0.10370369255542755
3 0.2783854007720947 0.3402777910232544 0.13593745231628418 0.42314815521240234
4 0.28333336114883423 0.3851851671934128 0.08437502384185791 0.2722221910953522
4 0.2877604365348816 0.3879629671573639 0.09322917461395264 0.25925928354263306
4 0.16979163885116577 0.43101853132247925 0.08645832538604736 0.27129626274108887
4 0.4348958134651184 0.43518519401550293 0.09375 0.28518521785736084
4 0.7197917103767395 0.4504629671573639 0.11666667461395264 0.2805555462837219
4 0.8861979246139526 0.4564814865589142 0.09427082538604736 0.21666663885116577
3 0.4502604007720947 0.5662037134170532 0.1328125 0.7453703880310059
3 0.8981770873069763 0.5703703910112381 0.14635419845581055 0.6796296536922455
3 0.1614583134651184 0.5768518447875977 0.13750004768371582 0.8462963104248047
3 0.7104166746139526 0.5805555582046509 0.15729165077209473 0.75
