1.0 0.5710499812628174 0.2905968039211028 0.10824430232815652 0.09608674918214857
1.0 0.3430200953575563 0.25279209057161756 0.07171795972590134 0.05421534299388364
1.0 0.8563518388260718 0.3584787751378764 0.09288639446100433 0.0876069577511836
1.0 0.45274274082303323 0.3176830320966981 0.06400610415906166 0.06368817154290557
1.0 0.724593743917433 0.3734848354687371 0.08243927955859642 0.06545023695515789
4.0 0.12292590123002403 0.3782919443899636 0.2348794615627703 0.4189208325225968
3.0 0.1279390508810517 0.4787266582199286 0.2558781017621034 0.9260316635260565
4.0 0.31687309351685344 0.5551337129289524 0.20322785941113625 0.44750926480717446
4.0 0.8401306405215595 0.6845112384320313 0.24228101080008346 0.5045067053477642
4.0 0.5733751402079563 0.6353778629130663 0.23545744484945696 0.4537884636140095
3.0 0.5646174929750432 0.6208786882325271 0.2397891387415707 0.7582426235349459
3.0 0.8484055782783692 0.654318799671935 0.25257256880644574 0.6913624006561301
3.0 0.721620701230778 0.6590242373864801 0.22548030969165833 0.6819515252270397
3.0 0.300076028015981 0.5963211052121526 0.23629684422617264 0.7594309871879317
3.0 0.4376478495585471 0.6306914941725581 0.18914439649304177 0.7356106660486115
1.0 0.15621249238255375 0.07355750764732835 0.0824868869095059 0.08009322646026737
