1.0 0.47190451297041625 0.26882071841098903 0.10940792883357475 0.10066356468804535
1.0 0.6975902687125786 0.33066907826755076 0.07227772960494705 0.057333618817518084
1.0 0.18560635492206062 0.21115776022331065 0.0940000795186888 0.09148755375035861
1.0 0.5800804170255688 0.34565119013159373 0.06484770609658819 0.06633202351893497
1.0 0.3089752835810693 0.2821993413856889 0.0831526907038142 0.06900621727905937
4.0 0.8817221337346628 0.5455619001689216 0.2365557325306744 0.42693911332446477
3.0 0.8613908640141863 0.5907485301565951 0.2772182719716275 0.8185029396868098
4.0 0.6649234201622243 0.6315786962992468 0.21138247970208413 0.45367392974402904
4.0 0.13890726604257303 0.5304961289343046 0.2513545868312118 0.5121196287343519
4.0 0.403857558713009 0.5981454062644693 0.24345941362851137 0.46151886881926674
3.0 0.41239314437766894 0.6011833676444411 0.2551706393100723 0.7906513568429734
3.0 0.13172481489714694 0.5330133704585743 0.26344962979429387 0.7701993004085774
3.0 0.25378595608160054 0.574749370844536 0.23949863378115058 0.7237279559217246
3.0 0.673153455048351 0.6480252191174195 0.25112250608998576 0.703949561765161
3.0 0.534788546462411 0.6414018533621437 0.20386631580126086 0.7171962932757125
1.0 0.9107813607956187 0.23928930038416418 0.0835271463087981 0.0835184859309556
