0.0 0.6449230242524815 0.27705259185790027 0.03451869763075466 0.06302900613290074
0.0 0.3994827467267386 0.2637056333120798 0.04475359802039214 0.05533246259123245
0.0 0.4857654732849791 0.2930410599630343 0.03012852981864461 0.05345067198903747
4.0 0.5085307780921131 0.3073662303183753 0.05639356644228083 0.07936380468779497
2.0 0.5885795780597514 0.34159755225631094 0.06482296534522103 0.15030275135691268
3.0 0.5056078450904145 0.35827196748496004 0.09189101949048845 0.19434617915093122
3.0 0.5936841467938945 0.3923965832781179 0.09746168391152821 0.3798389821831249
0.0 0.6680386099146347 0.40424287701726247 0.04166819567378022 0.07521574418751559
0.0 0.32501450183180913 0.3601063619588621 0.04984618097752663 0.08077472425920407
0.0 0.40956620579715275 0.39833585385610626 0.05137647824976571 0.08547835400421705
1.0 0.7944080650881201 0.4945764860174427 0.03943542382096621 0.05464817927089072
2.0 0.6669589845594686 0.5192032133956739 0.08893084506781401 0.1872051751362213
0.0 0.9069175432345024 0.5808475119725922 0.05669471320079267 0.08616267468983763
3.0 0.6706212121485337 0.5572811543364062 0.10930237633802409 0.40840287937086334
2.0 0.41268833768117996 0.5240932149008617 0.07081892651023997 0.1961415559479579
2.0 0.7662609245569215 0.5866809380251647 0.07249925950855052 0.14453035899566857
3.0 0.3990912474886934 0.5895799025019567 0.11447057819508072 0.4654020861893369
1.0 0.8901595843325094 0.657323479182983 0.04475359538829127 0.055332403155681886
3.0 0.7695843194147911 0.6475071768898071 0.09746156504042702 0.3798389668881178
0.0 0.22813075279305517 0.6154456246496529 0.04342402212065957 0.05516132850184452
0.0 0.18154628008694745 0.6105912499556911 0.03920983521077526 0.07940621705407125
3.0 0.8801998287217796 0.7312553320012524 0.10270334615946564 0.22953790905215388
2.0 0.8725862383317701 0.7371132731606704 0.08692360370569041 0.14187959450668775
2.0 0.1089347335506859 0.6650658142913217 0.08755058352164627 0.12618671869390574
0.0 0.49896956751886673 0.7346243283958593 0.04881775578445724 0.08740254932518499
3.0 0.12204193546693574 0.686125486139646 0.1494383024334782 0.24005796996258189
3.0 0.25009265167227485 0.7082996011412739 0.11936040277386942 0.24745470183229423
2.0 0.2476467221960113 0.7182412457631672 0.0820068180799286 0.15026041372119425
2.0 0.5520636485896435 0.75854981493187 0.0778423603812114 0.11592411652470802
3.0 0.5385922348209534 0.7910043886092154 0.15671308915204235 0.22522045977148242
0.0 0.6072066979990045 0.238011780790648 0.048742198952186455 0.055845671257736984
