2.0 0.5925314696205164 0.5476196944345381 0.1371487960237997 0.24212162335097492
2.0 0.45699561854098647 0.6261350274472932 0.13744053988635468 0.24799223047076657
3.0 0.2778435617378227 0.697220418330059 0.18477728154569606 0.6055591633398821
3.0 0.3537066378596465 0.6888419825884171 0.16112183670965924 0.5706306348473403
3.0 0.7473206192329156 0.5397702088369213 0.2510345328262923 0.5843294610471342
3.0 0.5987528732874408 0.6080531461590809 0.19468703880234106 0.5420016083720085
0.0 0.2465302752567541 0.43905258354502863 0.07161993303420194 0.08530093428268487
1.0 0.30886573720137606 0.45110981247251714 0.0697687311547146 0.09088192984934346
1.0 0.718344375569582 0.3055410342852519 0.06088773945060877 0.07546833937472841
1.0 0.5701330025772202 0.3900568615206742 0.06620677088014804 0.08010499121532
0.0 0.40945896001158044 0.4947774412020648 0.06500254056389054 0.08331337863590044
2.0 0.2679954410419628 0.6216706789594328 0.12744308149228165 0.2777103936536481
2.0 0.3361543307312799 0.6047337285971416 0.11562967937503732 0.24076265450770368
2.0 0.7355335786305202 0.47103277061700366 0.14267824666903028 0.2583578626305664
