0 0.3826366662979126 0.477142870426178 0.05144691467285156 0.04285717010498047
0 0.29474812746047974 0.5064285844564438 0.053590595722198486 0.04999998211860657
0 0.5466237664222717 0.5064285844564438 0.049303293228149414 0.05571427941322327
1 0.6500536203384399 0.5099999904632568 0.041800618171691895 0.04285717010498047
0 0.4721328914165497 0.5378571152687073 0.048231542110443115 0.052857160568237305
4 0.37781351804733276 0.6050000190734863 0.09110397100448608 0.1557142734527588
4 0.5509110689163208 0.6128571629524231 0.09431934356689453 0.11142861843109131
4 0.6521972417831421 0.618571400642395 0.09110391139984131 0.13999998569488525
4 0.28510183095932007 0.6492857336997986 0.10075026750564575 0.17571425437927246
4 0.4678456485271454 0.6607142686843872 0.0739549994468689 0.1499999761581421
3 0.37031081318855286 0.6892856955528259 0.09753483533859253 0.47285711765289307
3 0.5568060278892517 0.6964285969734192 0.08681666851043701 0.4328571557998657
3 0.6586281061172485 0.6992856860160828 0.1061093807220459 0.4328571557998657
3 0.46730974316596985 0.7157142758369446 0.07931405305862427 0.4228571653366089
3 0.28349411487579346 0.7192857265472412 0.09967845678329468 0.4757143259048462
