3.0 0.10743638745658363 0.8379180732833862 0.11855784370916854 0.3241638534332275
3.0 0.19725563403901825 0.839607429772073 0.19490899171068685 0.3207851404558538
0.0 0.402800880097679 0.8645098037178675 0.09843683622546057 0.13111595280256783
0.0 0.3884830593745663 0.9187236529006189 0.15604480009561678 0.16255269419876228
0.0 0.5506094561006083 0.9693570830011643 0.13352884604117599 0.0612858339976714
0.0 0.24898628505420722 0.3510565900108298 0.08538189420683048 0.09519359648622322
0.0 0.5086796775457334 0.32468644964852994 0.12078956048858702 0.160149322563838
0.0 0.36458206501703133 0.3597854334786925 0.09064467752142125 0.10314211889186298
1.0 0.7294221814425319 0.3164220337134226 0.10321834877673619 0.16602140616455346
3.0 0.4481849888873566 0.3520992917320296 0.03318913712488536 0.08658797451503986
1.0 0.6749796939160451 0.3515998726248054 0.05606214171457646 0.15219355239150034
0.0 0.017345425067409215 0.4697336794616669 0.03469085013481843 0.07278461284156529
3.0 0.5904679398329893 0.4196996730321735 0.12831528568214534 0.2370115140849005
3.0 0.6741839795504405 0.41865871135804933 0.0831273757401505 0.33148995640810947
3.0 0.23958799986969104 0.5175796481177386 0.15887184049730863 0.44521347828652397
3.0 0.7848587304573369 0.4860746112084467 0.22660930929759326 0.5090317396002219
3.0 0.35388188916395336 0.5612438687100699 0.14230158374884766 0.5234949496387249
1.0 0.9505459006132657 0.5019711697594937 0.09890819877346846 0.1779015865809278
3.0 0.49237647344584534 0.594904459392001 0.18599289128971636 0.7062952759300845
3.0 0.9261333704163004 0.6028796092957491 0.1477332591673992 0.5120244235699491
3.0 0.040759723291456634 0.7082436364001058 0.08151944658291327 0.5835127271997884
0.0 0.10652364120012447 0.7392574181104136 0.09076889774948622 0.13236398280985995
0.0 0.18890118580249632 0.7542888974469408 0.11948256472442323 0.1358932342396939
