0 0.5328487960630393 0.37555733031295746 0.04576096296650112 0.06578077853806014
1 0.23081189546348907 0.3535303146770229 0.039460577703735816 0.05717501602121239
0 0.4294279278654502 0.3865639348865865 0.04715335150313438 0.06047659363877522
1 0.6991684037465833 0.4169555368200001 0.04695403445663093 0.052343205625207445
1 0.6135206734855199 0.41983124786392567 0.044368574429867746 0.0710849634373451
1 0.34789095445930474 0.4087718741770051 0.04098584475780126 0.057293109647032325
1 0.8142585086866113 0.45981984178155566 0.04702047444499158 0.055054374661849315
1 0.6282390583509112 0.5051754059660003 0.0287172690665618 0.05363722137792004
2 0.5992893121566669 0.564050200627712 0.06606017324708013 0.21076986182237484
2 0.2139922117207807 0.5410092955012595 0.0957711967572682 0.2428361222738743
2 0.4228547042177251 0.56125490470637 0.0955718804404096 0.23470276403439572
2 0.7065219609097741 0.5845759360950171 0.09165763669861471 0.1992217961436638
2 0.5242188076378544 0.5718192622117892 0.12190014377479702 0.2529771386162377
2 0.33093980832325454 0.5704360596293073 0.0866860344212364 0.24483872955559627
2 0.8082818215135957 0.641347661909496 0.10313177718166533 0.23258212267503275
2 0.628597392194109 0.6464495690553373 0.07308867793354412 0.18696023467997192
3 0.5087307369397794 0.6426014886354353 0.11906586430229665 0.6343022468927335
3 0.3268248023664212 0.6448150828480216 0.09876945649580854 0.551551121845602
3 0.21010833974347398 0.6371364956729757 0.13644181185506096 0.6600014156538783
3 0.5883423770932504 0.6677793491518782 0.09817433541554443 0.5893888290250688
3 0.40212641182031544 0.6587941661376013 0.11369282253924184 0.6014143269439893
3 0.7069149301415978 0.6932574705430833 0.11966095341953709 0.5964644480857431
3 0.8240950343754885 0.7131952449469421 0.11886368304458939 0.5639308067092033
3 0.633301822407 0.7350928377599445 0.09445657866100676 0.4998033779277342
