0.0 0.6053118883926772 0.21981278404258203 0.03801204902780131 0.06839063102684506
0.0 0.3664909679878471 0.3172378101449159 0.047468885138806094 0.062925619641926
0.0 0.45425835129268 0.30676026772018977 0.0330701964001594 0.058168391524528906
4.0 0.4784339142964479 0.310347982523154 0.06047777913663682 0.08869738222197754
2.0 0.5609451870765361 0.3073946157852986 0.07357891172226505 0.1595944736767901
3.0 0.48348808559348755 0.36076621109573637 0.10301636550779114 0.2079731466789123
3.0 0.573726340023604 0.3541023900721889 0.12120342701719755 0.3900666437737066
0.0 0.6472824073458895 0.3321149943116346 0.045825430493058095 0.08170897529736404
0.0 0.30956792328308225 0.44369354624766455 0.05418664967874948 0.08876620746045
0.0 0.39704119061498644 0.44257330795576844 0.056003079501621866 0.09366108605479212
1.0 0.7831529459099879 0.36246270172695083 0.042233030242328606 0.061195729053675374
2.0 0.6640221196552112 0.44349317519402964 0.09963727947107148 0.200414577705944
0.0 0.9050255102998171 0.39512017340896494 0.06123899624067364 0.09539102523395915
3.0 0.673444366065057 0.4785781173995126 0.1347197578560031 0.4203008026344682
2.0 0.4195039975490493 0.5624782602961045 0.08258026240472627 0.2055159126825648
2.0 0.7702476362284818 0.4639576673751706 0.08067165583663016 0.1554957538043783
3.0 0.4165169309624672 0.6317584790906627 0.14368071764006002 0.4769458378017199
1.0 0.9006891409522303 0.4764213477906322 0.04746887848476944 0.06292556112637027
3.0 0.7828615616706427 0.5211383351984991 0.1212033099860862 0.3900666051074291
0.0 0.2556057763539856 0.7335379465455849 0.0461598855028722 0.062493078812738356
0.0 0.2099186419000501 0.7497901752620789 0.04371494653983113 0.08530648479950464
3.0 0.9025169490884256 0.5522133371729256 0.11598498231131038 0.24446851482894022
2.0 0.8960787892383426 0.56128553598612 0.09456290773430209 0.15579058564106518
2.0 0.14830180308924715 0.8349687165104813 0.09409581325723065 0.14060466163907337
0.0 0.5352958285107561 0.7267863146562153 0.05363887712790738 0.0950273974165774
3.0 0.16420260856512628 0.8493929722584739 0.16230635430090912 0.2640675214228282
3.0 0.29115256229386793 0.8132371396700064 0.13346857594415595 0.26527657357617707
2.0 0.29033086422877175 0.8239262354389134 0.09034186800421892 0.16298546828109617
2.0 0.5902120254401376 0.7260050666704325 0.08391822276422256 0.12865257021478405
3.0 0.5822370471110795 0.7633653801145857 0.16838416621776847 0.2510439896558573
0.0 0.5628914594634897 0.19910279826709648 0.051395747053386454 0.0642230279165445
