1.0 0.7318983283867754 0.17320808493956166 0.06473503447120565 0.0772554270744677
1.0 0.8515985432687956 0.2197905987087876 0.06685326795248414 0.0948609617499799
1.0 0.28284657243178657 0.21901003106096878 0.0626645763445397 0.08372385147516803
1.0 0.565646329528682 0.22633493663665705 0.05434230008912666 0.08922722087940901
1.0 0.07232671658103987 0.2704710304745361 0.06582987834657753 0.10411362581411887
3.0 0.721929406622482 0.3416652870055954 0.13677425779559627 0.42399601231952255
4.0 0.7168925800290644 0.38654142872861236 0.08491338158069928 0.27274838825053493
4.0 0.712460033235149 0.38929151399003653 0.09374181666724646 0.2598409559723823
4.0 0.8303428693175772 0.4330848700990464 0.08699483729314772 0.27183549957272635
4.0 0.5652320881928018 0.4355929124270983 0.09431396077709264 0.2857699882272698
4.0 0.280307742019526 0.44908817189239525 0.1172213287664658 0.2812837209295876
4.0 0.11389062187403592 0.4540655520513738 0.09469916118368181 0.21725509209905214
3.0 0.5496082369776175 0.5665144936818549 0.13428718315397625 0.746196698873374
3.0 0.10168608713877705 0.5678788049845508 0.1476986376572037 0.6805410936111569
3.0 0.8383874572694312 0.577696877655428 0.13917449075429011 0.844606244689144
3.0 0.28942516380361627 0.5792386110198297 0.15877534693554576 0.7509794332375167
