0.0 0.2645787161745615 0.27463036025242943 0.12458693554103281 0.1347435764247011
0.0 0.8741795344582293 0.45774128035747047 0.09914213593447407 0.1071337366733246
0.0 0.4258104756115121 0.361936409539781 0.11047230317267837 0.1127663655536017
1.0 0.5914622211459231 0.44330476758139015 0.10021735956322042 0.12562067110361536
1.0 0.7387038464167417 0.4926862363853582 0.09137731450526299 0.11025505117802037
4.0 0.3740208196424306 0.5859083113273318 0.19372275440086711 0.3092419711119426
2.0 0.1902361864175901 0.5509560161969606 0.27530926695528823 0.43507548836637233
2.0 0.5586826813139691 0.6623960019817451 0.20595851678810118 0.3567150481300521
3.0 0.1836176554776725 0.5627391600998473 0.367235310955345 0.7628894585809477
3.0 0.8404321661093148 0.6927656615090694 0.3085076601908293 0.6144686769818614
3.0 0.3708685023310899 0.6377583969844821 0.30386696424191545 0.7001075018642422
3.0 0.5510141273418397 0.6802517581613501 0.2959776128212554 0.6394964836772998
3.0 0.6974124441568312 0.7181196003680692 0.27456231525491337 0.5637607992638616
