1.0 0.5178375315567867 0.19128030897841405 0.05927549758789519 0.09355902631241564
4.0 0.4381650094230011 0.20796787719995508 0.10487966714048919 0.23520879748669618
3.0 0.4336849501985356 0.2102378794247917 0.14358200906253754 0.39561541979659814
4.0 0.6012609284855659 0.32942222033376 0.16331313303049066 0.3021540617631868
3.0 0.5940455897454067 0.4626818383201347 0.22733263831059108 0.748394512089085
3.0 0.7610601398086286 0.5421069973756955 0.15134237619857394 0.2823503111434198
4.0 0.8026356962548411 0.7651781792049159 0.10077389236521106 0.20574776559426244
3.0 0.790147690416195 0.7930346247501519 0.2018890244027034 0.30277046596622925
1.0 0.4605487463299911 0.06659199811614543 0.050183278857010905 0.07296272035860557
1.0 0.6291896533542813 0.16069382766573223 0.06746515293260125 0.09629867977552803
