0.0 0.3850949231638572 0.4607980758376229 0.054546739727149185 0.0498394485778586
0.0 0.2953813397948208 0.4775858776497379 0.05724280615602939 0.05724341466831945
0.0 0.5458566864933275 0.5129364604214073 0.053430784980132096 0.06232422343410288
1.0 0.6484293748442702 0.5310043243420348 0.04495407141494645 0.04848559711246925
0.0 0.4692969943876993 0.5337355195539073 0.05213927145512176 0.05933256904878892
4.0 0.3701974994872438 0.5872674821889734 0.10289936625734686 0.16763496966537805
4.0 0.5417119842386463 0.6193750737370821 0.10259816653044918 0.12404679437908572
4.0 0.6419836192628556 0.6392729921095208 0.10165783218917201 0.15200803647899908
4.0 0.2745025379467233 0.6182949669775928 0.1140720916870793 0.1888776129852744
4.0 0.45532751100781294 0.6553079419119305 0.08539428746618538 0.15954559372214472
3.0 0.3560776901060908 0.6700315761469497 0.13434969277260006 0.4839172389006331
3.0 0.5409717821755563 0.7033092494785302 0.12053099891737357 0.4426353674201574
3.0 0.6420020663351775 0.7204411173744423 0.139716454088329 0.44534308708188286
3.0 0.4504494232083196 0.7099269648148006 0.1122800653890596 0.43163798427418565
3.0 0.26737355527439355 0.6876801558307444 0.13670712466898743 0.48705941850193196
