0 0.717997987713359 0.5145476969947371 0.042942706828764 0.05370110848593923
0 0.5788674414222604 0.5381310915553188 0.03896194230649641 0.05311268334589292
0 0.370073697834346 0.5720119590800072 0.04294264751087051 0.0537010997177394
0 0.30070438457601895 0.5867922082841026 0.05110012161315469 0.05786650411368688
0 0.6521040995508192 0.536358074143378 0.044933000113057564 0.05399530790366247
1 0.5094826810407717 0.5680012747495427 0.04473717369109603 0.051006771324207945
0 0.43660701489219944 0.605931209055556 0.04751130652427826 0.06325519597354978
2 0.7258357978016869 0.6340899802647106 0.07029239009503929 0.17020840045623575
2 0.5152476131211998 0.6712535551573835 0.07551062901319755 0.12954548434616353
2 0.585106789023899 0.6639446912429247 0.07707830811097538 0.15345393480940106
2 0.6568583746588575 0.6548473377005153 0.08007922870871176 0.13909957183377408
2 0.37521983339893533 0.696478335252954 0.07169496684187349 0.1615369550627952
2 0.3106305159062206 0.7075345011081867 0.07786196970618342 0.1654081337364195
2 0.44106734275466786 0.7199376458230115 0.0788727156554136 0.1507595888794695
3 0.7333280926921371 0.7023854082663827 0.10942973816883572 0.4364376151733883
3 0.6577917172516065 0.7150597366805933 0.08893813970214448 0.424529835893792
3 0.589221635236624 0.7267043276758725 0.08753550363741669 0.4332012725190326
3 0.3118578057445395 0.7722297268779466 0.09768344897767506 0.4376609026373036
3 0.38271215794833213 0.7647737588705261 0.08773144869516536 0.43618982663488737
3 0.5231317684682006 0.7455260957748651 0.09272289984876964 0.42212969814978374
3 0.4504675615968081 0.7713547600741917 0.08997966904028631 0.3802899405278186
