0.0 0.18112805072545518 0.5056633975324423 0.0660434708465901 0.09608082922648886
1.0 0.8069372140074565 0.4673734834693156 0.04591201144616219 0.0669571463361116
0.0 0.5889107508103109 0.5076697824523695 0.05108821239904515 0.08949032347337582
1.0 0.28228696156440247 0.5367993880306164 0.058679274207742216 0.08032262222417397
2.0 0.805803155180703 0.5925499835394716 0.07316949226508462 0.17140552559661504
2.0 0.5947717012629629 0.6309661936744091 0.09714257779463864 0.19802718786420115
3.0 0.7890175113336391 0.6465449254704807 0.13684457273511852 0.44191303539681026
2.0 0.19897378346911676 0.6934485010263841 0.09445080144399276 0.21723765678466767
3.0 0.18835249802658355 0.7080924023538975 0.12246247936325844 0.4963315130035945
3.0 0.5913801111324918 0.689582467352867 0.12178558215602853 0.46579973185560786
3.0 0.307225722455785 0.7094928483550063 0.1339065938275409 0.4500210992448902
2.0 0.3035378804337177 0.7194810478066014 0.11523988154339501 0.24086487123072453
