0.0 0.5466365556425499 0.12615761458990338 0.07572054620065027 0.09699503616738771
1.0 0.9160509913058501 0.12956608948456366 0.05838990105764519 0.0803313948608279
0.0 0.1109403979144292 0.23150144988651772 0.057147225855207484 0.0715479728762152
2.0 0.36000298759742166 0.24263452776023658 0.1390392064468297 0.17661130232709513
3.0 0.3699026864754445 0.27529624520230367 0.2402022825554364 0.4616974010696828
2.0 0.5652440723702916 0.26339228086821975 0.11552052806596047 0.1864860734970341
3.0 0.18143821094770657 0.308945393685803 0.2090584689904409 0.2754758795931384
2.0 0.8679269003656584 0.2601198818162994 0.10839197286139224 0.1931488456716431
3.0 0.565785908979649 0.310151537282511 0.18182960708572282 0.46912498209004116
3.0 0.8244791524627738 0.29529806205484915 0.2928902689481534 0.4215327214907892
0.0 0.27561686543844804 0.09237609172017752 0.06027930527741257 0.10277935859582854
