0 0.14516915010570244 0.347716504359366 0.15965088312203846 0.21186915974084083
0 0.596343578575439 0.4226449138040689 0.1462861976827382 0.21618958755278556
3 0.3899481255613966 0.4450925859134249 0.21430735134481432 0.8864278475984119
3 0.8416024484242889 0.42170559762872584 0.29054656048585814 0.8434111952574517
4 0.8276027824063246 0.48509029305019213 0.19234431243567907 0.5191994373204374
4 0.37478218516208345 0.5707052936051038 0.25066860316421236 0.6351719256109696
3 0.1333306700199019 0.622079242444812 0.24603434168706695 0.7558415151103759
3 0.603117573384011 0.6584435273164068 0.23025654345424246 0.6831129453671865
1 0.15978405814927002 0.8045127791527147 0.22172500656303668 0.39097444169457063
0 0.3794927858321848 0.09929423407118411 0.1559454566113601 0.1912419605829466
0 0.8352286546011141 0.076583667994629 0.1474635894582026 0.153167335989258
