0.0 0.6268228888511658 0.09999999776482582 0.13385415077209473 0.15740739554166794
0.0 0.29505208134651184 0.1865740641951561 0.14427083730697632 0.15648145973682404
0.0 0.9244791865348816 0.23749999701976776 0.10104167461395264 0.18425926566123962
0.0 0.4776041656732559 0.27407407760620117 0.1406249701976776 0.2092592716217041
3.0 0.14140626043081284 0.46574074029922485 0.2776041775941849 0.894444465637207
3.0 0.30807292461395264 0.4870370328426361 0.19114583730697632 0.8203703761100769
3.0 0.6901041865348816 0.5148147940635681 0.30937492847442627 0.9314814805984497
4.0 0.15078125149011612 0.5208333134651184 0.28281252086162567 0.6287037134170532
3.0 0.887499988079071 0.5782407522201538 0.2250000238418579 0.7861111164093018
3.0 0.4651041477918625 0.5782407373189926 0.2447916567325592 0.8046295940876007
4.0 0.6934896111488342 0.6601851433515549 0.2744791507720947 0.6351851522922516
1.0 0.16328124701976776 0.06898148357868195 0.12343749403953552 0.1379629671573639
4.0 0.9302083253860474 0.6990741044282913 0.13958334922790527 0.5833333432674408
4.0 0.45104165375232697 0.7097222208976746 0.24166664481163025 0.5805555582046509
0.0 0.13203124701976776 0.8518518805503845 0.16822916269302368 0.2648148536682129
