3.0 0.06952611742932603 0.7495388490248421 0.12399862335226783 0.381603701680695
3.0 0.15797462976368964 0.7731908943828458 0.19988731989992614 0.37476683052700566
0.0 0.35990809389077016 0.8311350135696753 0.10008460341666153 0.13409107609083837
0.0 0.3377514100807034 0.8921361778078305 0.1583212698224012 0.19119158118843582
0.0 0.492153849425113 0.9712396402193328 0.13399291249654133 0.05752071956133431
0.0 0.2715120767017449 0.28361507390675883 0.08652129785183751 0.09784996540703139
0.0 0.5299638770263684 0.33012163422378366 0.12279992464856238 0.16380305459423591
0.0 0.38405296459642646 0.32443115448101545 0.09188685478719671 0.10595370899830409
1.0 0.74792100106634 0.3835599647708253 0.10539242062543663 0.16902431085723207
3.0 0.4671579884518483 0.3401923502291628 0.03440746588728333 0.08741770721429709
1.0 0.6901139117332229 0.4029499918341094 0.05821286868653275 0.15357084888741407
0.0 0.026885102314540645 0.3349534163045015 0.04067294980784299 0.07390296502348742
3.0 0.5987296438825704 0.4463101595692602 0.13149686362819368 0.24061928919557973
3.0 0.6811334133502822 0.46863381418173206 0.08797129053844743 0.33309929258591187
3.0 0.24191665514788893 0.4446536988205221 0.16518436014843713 0.44905959383624666
3.0 0.7816629406289569 0.5657554242788403 0.23364275105221144 0.5150331516603586
3.0 0.34890691632347026 0.5194413555123397 0.14990608094029884 0.526429741884991
1.0 0.945465285832116 0.6284105396660561 0.10717867384061786 0.18091322039039825
3.0 0.48090475224043727 0.5911464854781716 0.19627736026078985 0.7100408658051117
3.0 0.9142642390395959 0.7227472348942805 0.17147152192080817 0.5159153616370683
3.0 0.03286128021228952 0.6003763104318953 0.06572256042457904 0.6340863132641559
0.0 0.08403856109480008 0.6254106490585287 0.0924675490403912 0.13506046735169985
0.0 0.16316187006656774 0.6631570923251646 0.1211189498055021 0.13959956612389912
