0 0.5083333253860474 0.3100000023841858 0.052222251892089844 0.06000000238418579
0 0.42722225189208984 0.3125 0.047777771949768066 0.09166669845581055
0 0.8172222077846527 0.31583333015441895 0.056666672229766846 0.05833333730697632
1 0.5905555486679077 0.3241666555404663 0.06111109256744385 0.07499998807907104
2 0.8300000131130219 0.4349999874830246 0.09777778387069702 0.17666664719581604
2 0.5094444453716278 0.4558333456516266 0.09666663408279419 0.20499998331069946
2 0.4238888621330261 0.460833340883255 0.06111109256744385 0.17166668176651
2 0.6105555295944214 0.46916666626930237 0.10555553436279297 0.19833332300186157
3 0.8211111128330231 0.5174999833106995 0.12222224473953247 0.46833336353302
3 0.40833336114883423 0.5241666436195374 0.11444449424743652 0.5083333253860474
3 0.5072222352027893 0.5266666412353516 0.11000001430511475 0.49666666984558105
3 0.5972222089767456 0.5650000125169754 0.11444449424743652 0.5466667115688324
