0.0 0.784375011920929 0.42152777314186096 0.10781252384185791 0.11250001192092896
1.0 0.3148437440395355 0.4729166626930237 0.03750002384185791 0.04305553436279297
0.0 0.4730468690395355 0.4791666567325592 0.047656238079071045 0.050000011920928955
1.0 0.6546875238418579 0.4993055462837219 0.03593754768371582 0.05416667461395264
2.0 0.3199218809604645 0.5451388955116272 0.03671872615814209 0.09861111640930176
2.0 0.470703125 0.5930555462837219 0.046093761920928955 0.14722216129302979
3.0 0.32421875 0.6027777791023254 0.08125001192092896 0.3194444179534912
2.0 0.6546875238418579 0.644444465637207 0.0703125 0.20000004768371582
3.0 0.764843761920929 0.6520833522081375 0.16875004768371582 0.5958333909511566
3.0 0.46640627086162567 0.65625 0.08750000596046448 0.3847222328186035
3.0 0.6421874761581421 0.7194444537162781 0.09218752384185791 0.4972221851348877
2.0 0.774218738079071 0.7256944179534912 0.12343752384185791 0.2958333492279053
