4.0 0.940338211145146 0.27816442817356574 0.09837597894558003 0.18015545886448384
4.0 0.20344202620381974 0.17707853888075176 0.09657833579064146 0.1584472935302923
4.0 0.12772999053519485 0.1787168483971357 0.07330985804504046 0.17243178667966744
3.0 0.9339115737886969 0.34309633722634847 0.13133815731275456 0.40613596849014316
3.0 0.19868462961955516 0.22185285738748914 0.11739260231800991 0.38521768780081306
3.0 0.12658732654457194 0.21786663599442282 0.09878564571018326 0.3817508124455226
4.0 0.4240490767129993 0.289035223295014 0.2393848472501272 0.38352093403721466
3.0 0.41727623940231834 0.4452479908936181 0.34222741864254547 0.8904959817872362
1.0 0.5072654783093817 0.057342483012601 0.10073920699452199 0.11036944419646688
1.0 0.22315269814603733 0.06581197913116629 0.04675487136282466 0.048404586310242956
1.0 0.1469269907349544 0.07365261374800226 0.03486376673762201 0.052295650106433
