0 0.29181817173957825 0.40735694766044617 0.12909090518951416 0.14986377954483032
0 0.8745454549789429 0.47002723813056946 0.06909096240997314 0.08446866273880005
1 0.1645454615354538 0.47683924436569214 0.06727272272109985 0.10354220867156982
0 0.5281817764043808 0.4850136339664459 0.06363633275032043 0.08174389600753784
1 0.9290909171104431 0.5 0.08363640308380127 0.10081744194030762
2 0.5218181610107422 0.6580381393432617 0.11636364459991455 0.23160767555236816
3 0.3436363637447357 0.6648501306772232 0.24727272987365723 0.6702997386455536
2 0.6890909075737 0.692098081111908 0.12000000476837158 0.21798360347747803
3 0.9127272963523865 0.7016348838806152 0.1345454454421997 0.5858310461044312
2 0.9063636660575867 0.7029972672462463 0.1327272653579712 0.2833787202835083
3 0.5236363410949707 0.7220708578824997 0.12363636493682861 0.5558582842350006
3 0.6809090971946716 0.7370572239160538 0.15090906620025635 0.520436018705368
2 0.2818181812763214 0.7724795937538147 0.24000000953674316 0.4550408124923706
