0.0 0.7954339495619818 0.27346723903115805 0.07499489296444262 0.12989629534793223
1.0 0.2730149322855976 0.25461914873244407 0.057347237996405176 0.11395473260299444
0.0 0.5466967255013824 0.26709236709433737 0.04702170109923576 0.08055721622086026
0.0 0.47981010565198556 0.26689277989279087 0.06081931800250984 0.08619507560816622
0.0 0.7103630519616917 0.27886967071387164 0.06981953359966386 0.11192878262041137
3.0 0.410822109045075 0.28945442517838293 0.057180987011150985 0.22301845438075535
0.0 0.36765547360467626 0.29276445185552463 0.0521214690889773 0.09091208071490262
3.0 0.6293840347864561 0.37582876655368874 0.12010678385591544 0.3955415715762226
3.0 0.46864047809120246 0.38447980170765667 0.09810511694863605 0.3185451571172474
3.0 0.5541221165937955 0.4006721872812187 0.09720816295406054 0.3540198174641225
3.0 0.36832064077820015 0.4146438647832055 0.0907830280822986 0.3360010523817021
4.0 0.6332541834306724 0.4267589047018119 0.079348830117149 0.19095111421622218
4.0 0.47066123617547356 0.43279567387517504 0.08470060023813153 0.22668158329463034
3.0 0.7105872384924147 0.44515631381909676 0.0868675281733784 0.4449113330050475
4.0 0.7154476336219486 0.45931748008267814 0.0646794556539525 0.22332539506232812
4.0 0.5516049264975708 0.4653031017979721 0.07982757687310271 0.23916469207749813
4.0 0.3634929698613484 0.4601407768509078 0.10107326836639896 0.2400344131882357
4.0 0.8060365664869382 0.527759994882739 0.11320290311580472 0.329309318021327
4.0 0.925273973615142 0.5440649505103616 0.12487898843151402 0.3729082142684798
0.0 0.5045958246512003 0.5408055021223566 0.0684941673093799 0.10426494162456712
0.0 0.41141416872400965 0.5446066716971797 0.05469655070197421 0.0986271120335282
0.0 0.6225456610287048 0.56086566359502 0.0647449623404438 0.10411142780917271
3.0 0.1737734352292054 0.5539175805205501 0.12916247974962738 0.8042926061546984
3.0 0.26679134625085593 0.5666105680657603 0.10004037645300437 0.7650525846198242
3.0 0.9184582833549995 0.6009041065970591 0.1290869184667255 0.796679988937279
0.0 0.6946529628947902 0.6018963480803138 0.06489614627399087 0.11933684346119722
3.0 0.8020429463874887 0.6077333339523718 0.13411109448969327 0.7845333320952563
0.0 0.2821813172793642 0.6535525490840002 0.06654901609001587 0.15998887402297535
3.0 0.6227068549194865 0.7334961628469882 0.09936503614496262 0.44542296780583146
3.0 0.507566415550879 0.7440807063136073 0.10754379914204104 0.5118385873727853
3.0 0.3906647907045601 0.7455748694139718 0.1186403189123666 0.49947899000752155
3.0 0.7247828948105269 0.7723060058029625 0.13955844787912453 0.455387988394075
0.0 0.3531927188803428 0.17539738337101263 0.05092214841078013 0.09593602894279624
0.0 0.4749799802071505 0.1867295525170483 0.04709729247427291 0.08816986445433878
0.0 0.31231139703044825 0.2003789531960681 0.0494959934232011 0.07812197043813607
0.0 0.18407386391579234 0.20909141900499023 0.08611661050082833 0.11766897917867178
0.0 0.4127017835221488 0.22606669769832313 0.04832187006726191 0.0856834879413671
0.0 0.6194717523391133 0.24087787548185913 0.06969354772804504 0.09924101073439154
0.0 0.9224469946943507 0.2621660520892431 0.08147042159311568 0.1529901095922267
