4.0 0.09543027090982192 0.15764278433421247 0.09251723854031156 0.17371935742423664
4.0 0.8318202581846932 0.26671336679493596 0.09155483885337523 0.1518920499304386
4.0 0.9059693192632672 0.28972856833958316 0.06743427844324967 0.16812642315482465
3.0 0.09358246238072887 0.22322783810831695 0.11696779094884291 0.3996724705492685
3.0 0.8308660880310166 0.31203019541624205 0.10367009325357002 0.3797259535126202
3.0 0.9021719815438665 0.32849968078433167 0.08496101471045003 0.3778698940191801
4.0 0.6010991404566814 0.31429047751639727 0.2272977118840377 0.36715423722969087
3.0 0.5895090117835049 0.45877061574764183 0.3105429057361155 0.8938721998005016
1.0 0.5484886168408614 0.06322274547284522 0.09767021791979291 0.10282595539988688
1.0 0.8264445272225194 0.15186836448817825 0.045441996556705444 0.04486726709913991
1.0 0.9003186752341481 0.18111994879425836 0.03324417044220829 0.04986625566331246
