4 0.06812637421359738 0.24344085190273396 0.0929837190616062 0.17424036301288137
4 0.8075598157507903 0.20112903945745922 0.09195626749728847 0.15241972823169475
4 0.8831073277371952 0.20878913462732945 0.06789909176814912 0.16848110586959023
3 0.07224782534426921 0.30879268708478486 0.11809892818756389 0.400222420609584
3 0.8107271785678531 0.24621885013120406 0.10474928466487421 0.38019798468090377
3 0.8828639448721836 0.2479747234567676 0.08604592555535484 0.3782164682824321
4 0.5833042607202747 0.2953753227939593 0.22826442869025704 0.36847027581546743
3 0.5849340702874617 0.4442968943160833 0.3130431454209507 0.8885937886321666
1 0.5083982698948581 0.057387580517013564 0.09792041452144346 0.10342464427844983
1 0.7918115674558106 0.08845082655617026 0.04554946184110931 0.0451476088015933
1 0.8676526977002512 0.10234538580494737 0.03337403494428248 0.050061052416424
