0.0 0.48319001992607125 0.30170966690459033 0.037896699594937855 0.05163879472763683
0.0 0.33833151445040016 0.2760461268065567 0.041260642563171857 0.052714163914255485
0.0 0.6438235536498071 0.35140934218074016 0.032210605247250945 0.05030617123062103
0.0 0.562609247161379 0.3337314771952904 0.026775812142245003 0.03669315788935362
3.0 0.7215791894495412 0.3810826969206041 0.06309072523037096 0.15396215773646338
0.0 0.755834099645837 0.40221821958275517 0.046150122990183284 0.05558183887918716
3.0 0.798651728826387 0.41345847441361583 0.07177276730439774 0.18038857981044704
0.0 0.40197020070123374 0.32651643927090923 0.0383930589103193 0.050894249068274666
3.0 0.5564181579252414 0.37099996332852125 0.049978915410096136 0.11071470765119457
3.0 0.6385393785270803 0.3925062359888444 0.04939667278558324 0.12349149132732556
3.0 0.3327502379115903 0.3238530419436075 0.06427313054512979 0.16715251374608733
1.0 0.6731403158717189 0.4045326315314895 0.04045189426727336 0.04678541580425588
3.0 0.48661297564851347 0.36141972906037484 0.06796153797880061 0.1823649624781365
0.0 0.5744786679501968 0.39527042979128346 0.04417711637019561 0.05684118465933896
0.0 0.2949297716187019 0.3350269136194771 0.05249174709868243 0.07055523458375068
0.0 0.4606427331416718 0.3783840979507519 0.05176882753975037 0.0617769989898842
0.0 0.1862469148034267 0.3226628065236897 0.06139480723469892 0.06604172278023718
3.0 0.29143781234899235 0.37820110163118703 0.05541943099717017 0.1464250666398373
3.0 0.3998974151404212 0.4177822660279309 0.08367708917170857 0.25061432028714153
0.0 0.3506890643921755 0.407153468081659 0.05272467261095837 0.06544457374627966
0.0 0.25293148221141987 0.41814084163753396 0.05784104633095663 0.05946961010071239
4.0 0.7451471298023697 0.5463052018431089 0.10164260988057772 0.23760717053006558
4.0 0.8445475635180745 0.5899402646811812 0.09646477184748359 0.252176451188662
4.0 0.6561422121239044 0.54653782944424 0.11014704075552861 0.2568179310517701
4.0 0.561506305572693 0.5439441859287094 0.08949865991132888 0.21467377261985948
4.0 0.4567233260523573 0.5220985347427404 0.08987861717567419 0.2073018657366344
3.0 0.7416184723923454 0.5936892302568301 0.13694502775695405 0.45536200835433055
3.0 0.842627104720209 0.6218818863623271 0.13516841654356127 0.4291191786241166
3.0 0.8470450812635433 0.6334635004129854 0.0075425186161312 0.011811285976351393
3.0 0.5539089326261724 0.5783219076184899 0.11866133976166499 0.4395985343379747
3.0 0.6432543972281909 0.6114647677053929 0.13586036476238483 0.46515149679116924
3.0 0.45299274208444984 0.5878157014368741 0.12932254886001293 0.4593148551242408
3.0 0.16907804198971724 0.5212759180431109 0.1416256662082242 0.49663354145620514
3.0 0.35008475793031696 0.5682174134130572 0.1414560682991386 0.3645918652649333
4.0 0.3418836704524658 0.5881409854953337 0.10079097972781598 0.23310320250807437
4.0 0.23788836690380272 0.5886268826274687 0.12067362663616285 0.26789386379613184
3.0 0.23187756335337928 0.5923405794082841 0.1472022408319156 0.44915719285103173
0.0 0.6997945098608369 0.2238111046019448 0.03380388766076681 0.03805331776188714
3.0 0.6962100465505814 0.22447762319791018 0.023326099327348082 0.03846728998844845
3.0 0.697053130373128 0.2645999619117774 0.06465337669118376 0.1414151766477496
0.0 0.8061996234042441 0.3525531028625548 0.03934872549581858 0.0637444878635754
0.0 0.7285973512062858 0.3358724117061007 0.0325475610593281 0.053541722276156334
