0.0 0.7675620500533863 0.3116218835231686 0.11914131769000424 0.15211700031868172
1.0 0.3160616498572433 0.5464135771639043 0.041928947975864495 0.056738093789445165
0.0 0.4711221108638576 0.4902841524667417 0.05269771239781923 0.06750512607933834
1.0 0.6507677507317136 0.4384809776804768 0.04178796301359011 0.06695933224100498
2.0 0.33000193410684375 0.6148487178629587 0.04808085246279076 0.11060963908836752
2.0 0.483009814356231 0.6022725765003384 0.06327316263043853 0.1617034358810674
3.0 0.3413654269820326 0.6693691915359903 0.11899109714605827 0.34348548578519333
2.0 0.6688301545914106 0.5800231743247619 0.09345988929224813 0.22269914745452396
3.0 0.7772072366045091 0.5441460504467075 0.23871912459985944 0.647440756679209
3.0 0.48668393273664984 0.6655910340789964 0.13320997206764684 0.4096038862460952
3.0 0.665973552551092 0.6580810948489659 0.1517818421262238 0.5211596469918536
2.0 0.7955107180468401 0.6122455720044472 0.15719477451987285 0.33705274299262133
