0 0.28188862204916754 0.5100074422783802 0.04332583076023483 0.05445948930985911
0 0.42078796660609524 0.5364853504082409 0.03935088314374435 0.05378823870811922
0 0.6292487715525523 0.5747101832949792 0.04332577152901973 0.05445947930746586
0 0.698474917966857 0.5909333244408379 0.05149919262615965 0.05878616759187405
0 0.34757475346188893 0.5331876749070681 0.04531327495287235 0.0547951096095326
1 0.4898902457827129 0.5677973038415876 0.04508977870432079 0.051810927529800765
0 0.5624086031208293 0.6072409063453869 0.047971355969202545 0.06408330115438399
2 0.2729475786095588 0.6293750439779424 0.07169450132276187 0.17121495985387114
2 0.4831722915133121 0.6709196225134691 0.07651500484190693 0.1307788369231584
2 0.4133873452464134 0.6621569515705296 0.07830324137078776 0.1546523385717813
2 0.3417266732955452 0.6515665592856577 0.08116050043526718 0.1404026437664866
2 0.6229536692734978 0.6990574468366221 0.07301142715413722 0.16259802891315278
2 0.6874346718391526 0.7114573401499757 0.0791972855962092 0.16658907689310143
2 0.5568958413663319 0.7211435151037805 0.08006721893048119 0.15200378179291962
3 0.264825258213727 0.69750790638739 0.11322696851709893 0.4375154147463649
3 0.3402373519169263 0.7117537363549301 0.09268165284216967 0.42520660049487996
3 0.40869330209907134 0.7248248802700239 0.0913647862420095 0.43382354143799184
3 0.6856100320486873 0.7761207928394442 0.10152571076300232 0.43848586002446654
3 0.614831348877666 0.7671903092460696 0.09158825287495376 0.43680771851652667
3 0.47460297862037715 0.7450208690871665 0.09643310421010853 0.4228936690168884
3 0.5470216832665824 0.7723599673474344 0.093303712496273 0.38111504488269565
