0 0.5162221523353652 0.31115047581048877 0.05894931468012993 0.07396544481475587
0 0.5954931382259183 0.33703992011629297 0.05865464312448554 0.10375489918294256
0 0.21236900257412866 0.22762407407326563 0.0630964704709456 0.07361416555055986
1 0.43372052893862384 0.30129449423290366 0.06959795324851736 0.09125285696502466
2 0.18452738960471515 0.34086697019416157 0.11863377786586457 0.20160999803274926
2 0.49640422116726934 0.4539316140612988 0.12118194679068578 0.22909165316430258
2 0.5797154357181631 0.483558434635888 0.08201169266911768 0.1861091829747083
2 0.39547447183215156 0.4378001427882917 0.12904825740855236 0.22511820809834443
3 0.1826553234964776 0.4243902695066079 0.18007565934619046 0.4948773825281253
3 0.5868464808536794 0.550200248081431 0.17758031273938563 0.5318809298733066
3 0.4894885467406369 0.5240804345081516 0.17172086065164732 0.5191485768762863
3 0.3962513934713746 0.5356912719162754 0.18250294943205386 0.5694963936208752
