3 0.8862060518718539 0.844753361008505 0.12456423499742786 0.3104932779829901
3 0.7964408091041346 0.8439334886297372 0.20040214110126764 0.3121330227405258
0 0.590952920672679 0.8681687146040866 0.10025393741453925 0.1343982811840223
0 0.6041386227728797 0.9194953106822659 0.15855458307246573 0.16100937863546838
0 0.4413776866505672 0.9670530471280689 0.13403727891976563 0.065893905743862
0 0.7534696110095292 0.360867057798545 0.0866378455950978 0.0981249437349091
0 0.49431185542466943 0.32440704486179806 0.12300649947091202 0.16418035886364835
0 0.6377633479414822 0.3650978710528422 0.09201399168177882 0.10624468034576873
1 0.2737834185203947 0.3075614248954457 0.10561667817339565 0.16933332656706154
3 0.55431916910429 0.35416323696594204 0.03453391208530632 0.08750181237697152
1 0.32760816377905166 0.3448446895861491 0.05843616470280549 0.15371019152318477
0 0.9825629606125967 0.4886098870581661 0.034874078774806416 0.07401770561417842
3 0.4109309704581407 0.41620829568799556 0.13182576059883966 0.2409893699319659
3 0.3272604296504105 0.4119122399961882 0.08847555783421857 0.33325728411052274
3 0.7600259807994493 0.527700379140407 0.16583992631675404 0.44944807476913695
3 0.21547309739351886 0.4750020164871394 0.23437162834353747 0.5156451631316129
3 0.6450256164050683 0.5669056141251152 0.15069736319296145 0.5267204007337556
1 0.05016153065071624 0.4843352306436283 0.10032306130143248 0.18122277634008654
3 0.5060031166721981 0.595169450795183 0.19734770855541028 0.7104106260612474
3 0.07508242068626036 0.5858846242242035 0.15016484137252073 0.5163064341525951
3 0.9545385072922576 0.7170510108290136 0.09092298541548471 0.5658979783419728
0 0.8892671776559258 0.754479091167497 0.09264244854480397 0.13533847582859904
0 0.8066606934976561 0.766302197865387 0.1212864316374227 0.1399831365285038
