2 0.6003284743498364 0.4669918306709155 0.07517154346569788 0.12938998473135765
2 0.5152626085022619 0.4910792109193154 0.10211636175741684 0.1974800046756086
2 0.3962356821170554 0.529588033747794 0.09932687928258571 0.17020346331985503
2 0.8306182765072737 0.4612054605529652 0.10778001851767649 0.19526712661350593
2 0.6845478379366267 0.5076658693739727 0.10466361117841383 0.18316577645165677
2 0.2831737241786527 0.5893522833409496 0.06954849892601683 0.18608325855007052
2 0.2188499560038585 0.619685753332773 0.12687039912174908 0.3113397799562519
3 0.6126985119532063 0.5626311287821764 0.1192182065515246 0.48907848491972883
3 0.2903195058608473 0.6353363829803099 0.10089019968060739 0.5097873777123776
3 0.5203210657238545 0.6001476956631057 0.17781165839932117 0.6187184437555575
3 0.40191979909819087 0.6266673152172908 0.1623061136913393 0.5476076341261189
2 0.9384784052945196 0.5372520809852277 0.12304318941096082 0.41886987116219365
3 0.7028691187284244 0.5946338405340837 0.17332863825082134 0.5740567738656661
3 0.9326576513022291 0.5645566976744327 0.13468469739554167 0.7263893014092533
3 0.23830100557128242 0.6713539164751287 0.20589899954587867 0.6572921670497427
3 0.8352423063100769 0.5945805941894067 0.18833891101463374 0.6967817371086106
0 0.4945275690564065 0.3301972548003237 0.06310939014325889 0.05520534471340938
1 0.8042468305015886 0.29112325473628053 0.06155933926800172 0.07431531862223034
0 0.2076975985202651 0.40244757944031967 0.06239595269039824 0.06938775435922251
0 0.5795547274616419 0.3512482771508838 0.04008346458235634 0.04783282466540645
1 0.3772855337803577 0.3990269480650657 0.046056950241408656 0.05721657749540576
0 0.2614360297274591 0.4198618747434629 0.0489867070107077 0.0669761717388826
0 0.6615290052320111 0.3538456114481151 0.06458087779109933 0.05823982107720743
