0 0.31336143860011123 0.20932361259199372 0.01616379182409139 0.029594270382951454
0 0.3534436057157859 0.21897934559628246 0.016756457224627763 0.03150654284124915
3 0.3543441285977599 0.23579990223947594 0.031873445096291586 0.07383677941881153
0 0.2705871482497002 0.22810575678672063 0.015498000311417737 0.025834695040795885
1 0.1652323625037991 0.21863777493499553 0.017202872754538634 0.0297242689894264
2 0.31349797703040183 0.25203863426943773 0.028829327828674922 0.07529407161884558
2 0.35324341749016563 0.25701114792184143 0.025646562443573828 0.06019077837269127
3 0.31402518047159855 0.2650996192833283 0.037915761233281886 0.1481181250825054
2 0.1970171198240679 0.2532454570541522 0.026092979150309226 0.05840853424966594
2 0.1644394779720203 0.25845187712182804 0.025419523484838003 0.06751491628289105
2 0.2671821114988585 0.274554677317557 0.030944051274607254 0.07647768311272754
3 0.19793974041635468 0.27610219012033343 0.03438863535668185 0.15043402854088722
3 0.2693228105015235 0.2864251905137131 0.04110618841753133 0.15035540149568416
3 0.1665291791842768 0.27820585104757845 0.03858158188634064 0.15187768927960893
