0 0.3023437559604645 0.23333333432674408 0.015104174613952637 0.027777791023254395
0 0.3427083194255829 0.23796296864748 0.015625 0.029629632830619812
3 0.34427082538604736 0.25462964177131653 0.02916663885116577 0.0703703761100769
0 0.2604166567325592 0.25740739703178406 0.014583349227905273 0.024074077606201172
1 0.1549479216337204 0.2611111104488373 0.016145825386047363 0.027777791023254395
2 0.30416667461395264 0.2759259343147278 0.026041686534881592 0.07222223281860352
2 0.3440104126930237 0.2759259268641472 0.0234375 0.05740739405155182
3 0.30520832538604736 0.2888889014720917 0.03229165077209473 0.14444446563720703
2 0.18802084028720856 0.2916666567325592 0.023958325386047363 0.05555558204650879
2 0.15572915971279144 0.30092594027519226 0.022916674613952637 0.06481480598449707
2 0.2588541805744171 0.30416667461395264 0.028124988079071045 0.07314813137054443
3 0.18984374403953552 0.3143518567085266 0.028645843267440796 0.14722222089767456
3 0.2614583373069763 0.315740741789341 0.03541666269302368 0.14629630744457245
3 0.15859374403953552 0.3203703835606575 0.03281250596046448 0.14814816415309906
