2 0.5819230675697327 0.5802077054977417 0.10615384578704834 0.20946335792541504
2 0.4376923143863678 0.6064627915620804 0.10538464784622192 0.21581074595451355
3 0.251730777323246 0.6133871674537659 0.08961538970470428 0.598961353302002
3 0.32730770111083984 0.6292556375265121 0.07153844833374023 0.5614540874958038
3 0.733269214630127 0.629544124007225 0.16807687282562256 0.5389497578144073
3 0.5780768990516663 0.6410848498344421 0.11384618282318115 0.5158684253692627
0 0.26423075795173645 0.347663015127182 0.063076913356781 0.06405079364776611
1 0.32269230484962463 0.38228505849838257 0.06000000238418579 0.07097518444061279
1 0.743461549282074 0.39180612564086914 0.053076863288879395 0.057703375816345215
1 0.5859615206718445 0.41921523213386536 0.05807697772979736 0.06058859825134277
0 0.4130769371986389 0.4616272449493408 0.056153833866119385 0.06462782621383667
2 0.2551923096179962 0.5326024144887924 0.08884614706039429 0.25274088978767395
2 0.32403847575187683 0.5412579327821732 0.08269232511520386 0.21696481108665466
2 0.7330769300460815 0.5585689544677734 0.10923075675964355 0.22504329681396484
