0 0.47218517483497535 0.37173933254391006 0.045215304472158935 0.06453666589460116
1 0.7743421812225457 0.3877385823382682 0.03898590082117137 0.056102774120570076
0 0.5749090479295127 0.3957201080059366 0.04665823831845206 0.05918521528415471
1 0.30463480888494276 0.39212470155988655 0.046533420032811745 0.051047138528025615
1 0.3899536206919704 0.4057605661024586 0.04377237062586581 0.0698881165050475
1 0.655358177436802 0.4281229967710549 0.040512047162508114 0.05617672787504552
1 0.1881273120790974 0.42041290458617886 0.04657502673725894 0.05375987050174019
1 0.37187616065159473 0.4890406459291283 0.028261270184291698 0.05287239565678076
2 0.3984107160935495 0.551407466546029 0.06420804031934446 0.2091230451604698
2 0.7836597246043504 0.5768625671863009 0.09366260777864877 0.24036783669454587
2 0.5745147297704312 0.5707999599029479 0.09353778994993356 0.23222978972967062
2 0.290629873231381 0.5584008573447564 0.08994461650640109 0.1968167836399814
2 0.47298409436839917 0.5685946931853372 0.11973203348895484 0.24976316284249112
2 0.6658341117809268 0.5915133651283204 0.08454733643507495 0.24263684614140762
2 0.18686584623342362 0.6022374874879846 0.1011269158660213 0.2298868861108408
2 0.3658972747248314 0.6299159622227438 0.07146443724797291 0.18507864902144644
3 0.4856168775000561 0.641146767089436 0.11338927219627798 0.6316617630738419
3 0.66697916199917 0.6662234419258137 0.0938272718336246 0.5493934284065908
3 0.7837088514432875 0.6723962852965739 0.13055139593348597 0.6552074294068522
3 0.4052027429938321 0.6562530554644802 0.09288361067296741 0.5872971562502998
3 0.5913098905931933 0.670700842416948 0.10831155865893038 0.598887505412138
3 0.28591333407477254 0.6667608136998396 0.11433287240365198 0.5937579429691322
3 0.16823334311767554 0.671917154003246 0.11383359789031489 0.5612055465708549
3 0.3576774158859069 0.717745812510062 0.08998446181881137 0.49770426880464347
