0 0.6346666812896729 0.2590909004211426 0.032000064849853516 0.05909091234207153
0 0.3893333077430725 0.2772727310657501 0.04266667366027832 0.050000011920928955
0 0.4766666889190674 0.2954545319080353 0.02799999713897705 0.050000011920928955
4 0.5 0.3068181872367859 0.053333282470703125 0.0727272629737854
2 0.581333339214325 0.33068183064460754 0.05866658687591553 0.14318180084228516
3 0.49933332204818726 0.3579545319080353 0.08399999141693115 0.18409091234207153
3 0.5886666774749756 0.3806818127632141 0.08133339881896973 0.3704545497894287
0 0.6633333265781403 0.38295453786849976 0.03866666555404663 0.07045453786849976
0 0.3193333148956299 0.38295453786849976 0.046666622161865234 0.07499998807907104
0 0.40533334016799927 0.4102272689342499 0.04799997806549072 0.07954543828964233
1 0.7933333516120911 0.45681819319725037 0.03733336925506592 0.050000011920928955
2 0.667333334684372 0.49772725999355316 0.08133333921432495 0.1772727072238922
0 0.9093333184719086 0.5284090787172318 0.0533333420753479 0.07954546809196472
3 0.6726666688919067 0.5352272987365723 0.09200000762939453 0.39772725105285645
2 0.4139999747276306 0.5352272838354111 0.06266665458679199 0.18863633275032043
2 0.7693333327770233 0.5522727370262146 0.06666666269302368 0.13636362552642822
3 0.40333330631256104 0.6022727489471436 0.09466671943664551 0.4545454978942871
1 0.8960000276565552 0.6068181991577148 0.04266667366027832 0.04999995231628418
3 0.7753333449363708 0.612500011920929 0.08133327960968018 0.3704545497894287
0 0.23400002717971802 0.6499999761581421 0.04133331775665283 0.04999995231628418
0 0.187333345413208 0.6511363387107849 0.03600001335144043 0.07500004768371582
3 0.8893333077430725 0.6818181872367859 0.09333336353302002 0.21818184852600098
2 0.8819999992847443 0.6886363625526428 0.08133333921432495 0.13181817531585693
2 0.11733335256576538 0.7147727012634277 0.08266663551330566 0.11590909957885742
0 0.5093333423137665 0.7340909242630005 0.04533332586288452 0.08181822299957275
3 0.1313333511352539 0.7340909242630005 0.13999998569488525 0.22272729873657227
3 0.25999999046325684 0.7397727370262146 0.10933327674865723 0.2340909242630005
2 0.2580000162124634 0.75 0.07599997520446777 0.1409090757369995
2 0.5633333325386047 0.7511363625526428 0.07333338260650635 0.10681819915771484
3 0.5513333082199097 0.7852272987365723 0.14800000190734863 0.20681822299957275
0 0.5953333377838135 0.22499999403953552 0.046666622161865234 0.050000011920928955
