0 0.4358333349227905 0.1320049725472927 0.07166671752929688 0.08966375142335892
1 0.06749999523162842 0.1743462085723877 0.0549999475479126 0.07471978664398193
0 0.8754166960716248 0.19115816056728363 0.05416667461395264 0.0660024881362915
2 0.6274999976158142 0.2285180538892746 0.1316666603088379 0.1631382405757904
3 0.6191666722297668 0.26214197278022766 0.2200000286102295 0.43960148096084595
2 0.42374998331069946 0.2708592712879181 0.10749995708465576 0.17559152841567993
3 0.8087500333786011 0.2758406102657318 0.19749999046325684 0.2552926540374756
2 0.12166666984558105 0.29950186610221863 0.10000002384185791 0.18306350708007812
3 0.42541664838790894 0.3175591677427292 0.16083335876464844 0.4533001482486725
3 0.1666666865348816 0.3300124406814575 0.2749999761581421 0.39352428913116455
0 0.7045833468437195 0.0697384774684906 0.05583333969116211 0.09713573753833771
