3 0.68227717948465 0.35469169482746266 0.20599024305527625 0.6082592143772574
1 0.5735120131273044 0.36363984774776303 0.20014043209728088 0.2288048731613735
1 0.8060520228811958 0.4439368081656224 0.14285671195446126 0.17963228819255367
1 0.903410685508856 0.47728859014229397 0.1195273274292985 0.14778845955637748
3 0.7825790081366668 0.530915938740162 0.2434620678545648 0.41979747818352714
3 0.9106679618190732 0.5939572994541613 0.1696973071568515 0.3669049616902048
1 0.3059748312903978 0.4599981939860982 0.33221221363386677 0.43741337263814445
3 0.562958687921815 0.5780462895471871 0.3003563825575532 0.6658017061117474
3 0.23643052388434446 0.5902320508654618 0.4728610477686889 0.7438160430120428
1 0.7325170271101364 0.12269749582974743 0.07584444092545606 0.11376673962551788
