0 0.22742558394044743 0.335897242715116 0.11707609933724328 0.14373568397657271
1 0.6850226015734326 0.5298313714311635 0.0411011915712588 0.053861841328475935
0 0.5285648538769578 0.4877025026298981 0.05177725035425096 0.06380304264620967
1 0.3476763235469691 0.45210281905671 0.04063494112769811 0.06433111262224062
2 0.6730451521769985 0.5994313122898525 0.04569661423640381 0.1083540762887133
2 0.5198753080072902 0.6006157302099774 0.05962686295916925 0.1591047385281239
3 0.6632458033587255 0.6549029182076687 0.11089298357118493 0.33950009331271563
2 0.333659951991527 0.5950867324605473 0.08858293452864746 0.21849093871286973
3 0.22440159765434725 0.5689908004141041 0.2237853536618077 0.6384916648332253
3 0.5180055265914199 0.6641833421308909 0.1233542240386577 0.40571627519875264
3 0.3387314933758855 0.672788338346815 0.13883652922412326 0.5179765536533489
2 0.20805704418926166 0.6386475089892758 0.15017398819108768 0.32911590205972596
