2 0.5853422393822965 0.5717355288969528 0.1153284893652996 0.2197277900419769
2 0.4426201890857534 0.6125250983605924 0.11484638763419946 0.225982892263696
3 0.2573933703851816 0.6382505834571195 0.11633744577115307 0.6066654210868576
3 0.33351156700698936 0.646435524452584 0.09661553887858187 0.567414409401797
3 0.7385616730086865 0.6056453569608737 0.19192247016728325 0.5547297484748814
3 0.5842415406202615 0.6328632376452542 0.13677764999602438 0.5262135355914379
0 0.2579193465801355 0.37186665171414945 0.06581266929276583 0.07028750856064508
1 0.31780419883113487 0.4004943163828712 0.06305404817321514 0.07688478932331955
1 0.7380433660996363 0.36741735816961046 0.05555004330525959 0.0629426695174542
1 0.5821341331896558 0.410700997524843 0.060668476687492756 0.06632726849026666
0 0.4115498268444997 0.4705100973061924 0.05893129399695668 0.0701627020978634
2 0.25721536874073087 0.5572995159583652 0.10000572757084245 0.2611554659473159
2 0.3262938778004538 0.5589689937682775 0.09225761605058969 0.22483816323317557
2 0.7351791608423881 0.534851254911942 0.11909878522789408 0.23558359649301813
