0 0.7897996826085557 0.42308134809776465 0.1259679369033766 0.13723362507140136
0 0.17649767895624718 0.2605451152350369 0.10023929539824397 0.10911618666049258
0 0.6142791615903118 0.4152061080815942 0.1115632240431994 0.1150445290629652
1 0.4367992853606948 0.399590089346738 0.10167151811993419 0.12744343162543625
1 0.286899363432431 0.3649860378965689 0.09261785438740378 0.11196183966039297
4 0.5843757677431998 0.6453640481340215 0.1978565902901681 0.31207084038047156
2 0.7623423634792108 0.7126588658120413 0.2810963472602208 0.4391417968129512
2 0.3913963956950977 0.6151133992574954 0.21091001139088605 0.3594303782814274
3 0.7714096699256101 0.673827794974518 0.39419907960031797 0.6523444100509641
3 0.133537626331913 0.5419586147591496 0.267075252663826 0.7293971326496593
3 0.5694711263274481 0.6713722460691496 0.31463459381580555 0.6572555078617008
3 0.3897614189238294 0.6418251485576946 0.30590530028271157 0.6562234700650904
3 0.2343618075071036 0.6241933447507745 0.28439263893439753 0.6395902067384984
