0 0.5701806973251276 0.34872577105773006 0.08208338100357049 0.13434050050974516
0 0.74968273741551 0.4332514186135332 0.07659039584190308 0.12936749443483853
0 0.8664681461493852 0.5049057455577303 0.07577934824952082 0.1212072686357219
1 0.42410436116065336 0.3183331651789274 0.06420676425067162 0.09278400381105456
1 0.32750709136223416 0.31070329140170294 0.06506395865611214 0.11398141300978826
1 0.19939325449634432 0.30507963308657454 0.07915559716106266 0.1174567987563726
1 0.49448404067271146 0.5075489828795929 0.0561486887018523 0.09972168540458498
4 0.565882253336297 0.6248682624582889 0.13612798051654224 0.37634450615289805
4 0.7224005459238066 0.7008974819403548 0.14040119455049105 0.33132576396377134
2 0.40224902631870285 0.5656266630669056 0.1195109347915983 0.3223140887988572
3 0.5720017630057227 0.6462659420377617 0.19432640596489453 0.7074681159244768
3 0.7244910046774553 0.6808083935874409 0.2042308675995338 0.6383832128251182
4 0.8470857190004778 0.7958165556922516 0.14738407043856272 0.3890105317670891
3 0.8567428148772649 0.7125347222552058 0.19977318884749973 0.5749305554895885
2 0.298965325942041 0.5636225129923963 0.13680071020389753 0.3453932904762122
3 0.39711238334876686 0.6173081758139072 0.18662459230933587 0.7209561032103788
3 0.29927864511219143 0.5878696396188472 0.18419144953218938 0.6964754258130289
2 0.17557945233013467 0.5515282840673805 0.15242225240893895 0.3391148050837418
3 0.18325503810967025 0.5633494879526546 0.21588301351398098 0.6632844293117137
3 0.48550698138788884 0.7223189105503169 0.19890343783115766 0.5553621788993662
2 0.47967449880050184 0.7593002460458644 0.12121897088858691 0.28920599651078505
