0 0.5117814271944386 0.12012457923351351 0.08253822650207371 0.10989845847059412
1 0.8779978728941423 0.047561805191020254 0.06416190188734805 0.0901206519102726
0 0.08992388192967588 0.31403107210418046 0.06213870607448871 0.08133444731064127
2 0.3376436146972275 0.2738596514275674 0.15141917499590035 0.20034812921737288
3 0.35045568090294454 0.30417584314104906 0.2761482101902687 0.4981546158416433
2 0.5428443606420119 0.25222959933914935 0.12950202103547026 0.2050527273629213
3 0.16688015897440117 0.3762469012770632 0.2285956096267736 0.310878034769529
2 0.8423485970069263 0.18676717464762652 0.12320007914836384 0.2100417728861615
3 0.5476851858680445 0.2984329688914274 0.22016235085313662 0.49324634122285377
3 0.8025519869212201 0.2327953428560734 0.32357086658556 0.4655906857121468
0 0.24022855793715564 0.14237647750692356 0.06808348287575397 0.11230860380637137
