1 0.08874371397962208 0.44372442336104634 0.11975775891119224 0.16249379353742222
0 0.21744543179531872 0.44482051537262635 0.07233945545308995 0.08646840270357325
1 0.5207824434117502 0.37740647167756264 0.07113815161825882 0.13609502815004704
1 0.3218337597045604 0.43889315156143693 0.05069071963055699 0.0858320441604693
1 0.8662013732765322 0.30688568637591546 0.09440523830461545 0.10487319997484323
1 0.4111111363139206 0.4470768895070056 0.0666287328044039 0.10239209038526431
4 0.3312803953221092 0.5491989870336074 0.10873911313775425 0.1827005991358993
4 0.22220615779126623 0.5836292008470187 0.07770447024662228 0.19982207846997074
3 0.23857197090973153 0.6344803247639684 0.15788999750786267 0.4621413205518752
4 0.5394493300003882 0.5486828609705848 0.13696843073194698 0.2764731333705978
3 0.3382530762770381 0.6092525329925257 0.166873124600325 0.4560241985378546
4 0.11336549491783102 0.6833290812998891 0.2031944459090736 0.39050598643168466
4 0.4314285350804108 0.6545105783369427 0.14802989721174992 0.34449393764433345
3 0.13879232702311026 0.6830514076604006 0.2775846540462205 0.6338971846791988
3 0.5560343338448054 0.6329348523310627 0.17430931408034045 0.6288111998900141
4 0.8748851410408942 0.5385391949502385 0.2301438817162007 0.37215460876299056
3 0.8719126319752918 0.5403678780457675 0.25617473604941643 0.6258649715776372
3 0.45269227407167295 0.6899517924827356 0.20371843749723173 0.6200964150345287
