3 0.33416667580604553 0.31562502682209015 0.15000003576278687 0.5812500417232513
1 0.44083334505558014 0.3487499952316284 0.1833333671092987 0.1899999976158142
1 0.20291665941476822 0.3762499988079071 0.1291666477918625 0.1524999737739563
1 0.10333333164453506 0.38749998807907104 0.10833333432674408 0.125
3 0.2174999974668026 0.4675000011920929 0.208333320915699 0.3774999976158142
3 0.0845833346247673 0.5012500286102295 0.13750000298023224 0.3400000333786011
1 0.6958333253860474 0.5037500262260437 0.29833340644836426 0.375
3 0.4300000071525574 0.5631250143051147 0.24166667461395264 0.6187499761581421
3 0.76583331823349 0.6512499898672104 0.44166672229766846 0.6524999439716339
1 0.3075000047683716 0.07500000111758709 0.06666666269302368 0.09999999776482582
