0 0.7130659852703637 0.43705660020026305 0.13790904254958147 0.16736451756557497
0 0.12898648407821134 0.41746235057743164 0.07407739119005684 0.0938164478380214
1 0.8354238488170177 0.5241388533154167 0.07346205531195849 0.11254993030991217
0 0.47288151036169823 0.4811147431168619 0.06847612911141088 0.09033626374270709
1 0.07280427568761613 0.4396283690808973 0.08958276662641824 0.11213951233324043
2 0.4683778159689802 0.6542703814092014 0.1303588878696667 0.24695668794782377
3 0.6453458557799574 0.6675285231720844 0.2881718912842701 0.664942953655831
2 0.2997101691252648 0.6646451826414193 0.13312569939376848 0.23390441366093573
3 0.08089477228349144 0.6426749852284569 0.16178954456698288 0.6021736553627417
2 0.08271426719477624 0.6449266923832986 0.14989346078723434 0.3008013779748722
3 0.46255630047030005 0.7161826340382722 0.15791234917802005 0.5676347319234556
3 0.30503935144836947 0.710556904436414 0.18284554552208077 0.5393697680077243
2 0.700148552726878 0.7792872322669574 0.26744627559886935 0.4414255354660852
