0 0.21208752025052424 0.41265301857153974 0.12421215696740692 0.13407560462117307
0 0.8288690308705431 0.2723211170352101 0.09884437589803297 0.10660194473342918
0 0.38771614842794544 0.41111640297265006 0.11017522267327973 0.11215614818273417
1 0.5654811656420754 0.40191293514521864 0.09982541041642712 0.12512937017976605
1 0.7161138664300007 0.37273381950152185 0.0910424346244858 0.10979564676832021
4 0.41231982744362883 0.6422582621932511 0.19261642037365062 0.3084696012120426
2 0.23288113454094084 0.7031015234075912 0.27376012130240224 0.4339660753107195
2 0.6059141352809223 0.6189856742740472 0.20463560979395357 0.3559684977893814
3 0.22339385119702998 0.6701644624826575 0.3800258832513521 0.659671075034685
3 0.8694631605852849 0.5561195373861422 0.2610736788294301 0.7267455749515799
3 0.42610350362225347 0.6707846919022196 0.30100259909945404 0.6584306161955609
3 0.6069348004787333 0.6457453607568291 0.29333531802175905 0.6531018368311042
3 0.7626750165203107 0.6337299641656812 0.2719475356062403 0.6371036915517536
