0 0.6976562142372131 0.23333333432674408 0.015104174613952637 0.027777791023254395
0 0.6572916507720947 0.23796296864748 0.015625 0.029629632830619812
3 0.6557291746139526 0.25462964177131653 0.029166698455810547 0.0703703761100769
0 0.7395833730697632 0.25740739703178406 0.014583349227905273 0.024074077606201172
1 0.8450520634651184 0.2611111104488373 0.016145825386047363 0.027777791023254395
2 0.6958333253860474 0.2759259343147278 0.026041746139526367 0.07222223281860352
2 0.6559895873069763 0.2759259268641472 0.0234375 0.05740739405155182
3 0.6947916746139526 0.2888889014720917 0.03229165077209473 0.14444446563720703
2 0.8119791746139526 0.2916666567325592 0.023958325386047363 0.05555558204650879
2 0.8442708253860474 0.30092594027519226 0.022916674613952637 0.06481480598449707
2 0.7411458194255829 0.30416667461395264 0.028124988079071045 0.07314813137054443
3 0.8101562559604645 0.3143518567085266 0.028645813465118408 0.14722222089767456
3 0.7385416626930237 0.315740741789341 0.03541672229766846 0.14629630744457245
3 0.8414062559604645 0.3203703835606575 0.032812535762786865 0.14814816415309906
