0 0.5192189736454361 0.1208029156631323 0.08121873312891931 0.10732727195028977
1 0.8867000843488758 0.06429457212304698 0.06303567293701495 0.08818076294622773
0 0.09374322608462841 0.29616845341772424 0.06117538117836255 0.07938113969276078
2 0.34214380624851254 0.266852907911035 0.14902561429118988 0.19561533623958854
3 0.35435641877198154 0.2977166780674275 0.268937638973124 0.49118924194200386
2 0.5476803615010569 0.25421041943008765 0.12673263278550523 0.2014278849251456
3 0.16944756609156106 0.36172473158831886 0.2248017460495994 0.3038385850181222
2 0.8483387513967551 0.20188047567618606 0.12024470053557923 0.2067811315096861
3 0.5516138855261095 0.3006057852334449 0.2123544785788613 0.48889877239689705
3 0.8077015511879995 0.24389558496654037 0.3175566199984282 0.4605097700235435
0 0.2473465574000024 0.13116383324127512 0.0665309676800456 0.11045943922404447
