1 0.5162270918381494 0.19099962908357504 0.058963688276195914 0.09284485630105935
4 0.4366450020317465 0.20899939639253176 0.10393803796211015 0.2341941405087941
3 0.43217697113528847 0.21134312756969034 0.14188091721735774 0.39448938892718016
4 0.600367180675547 0.32776087930498066 0.1622056380069199 0.3003450236208014
3 0.5938469714166978 0.461133673125511 0.2239563915034552 0.7470477133280382
3 0.7612684713301368 0.537803202851209 0.15030294115473708 0.2806822507118549
4 0.8040053412080712 0.7601796814782273 0.09998247916779468 0.20470045405081494
3 0.7916631161869012 0.7882407189400022 0.20091593236507255 0.30028127228760615
1 0.4582906393778655 0.06726073155319173 0.049954251917686265 0.07233577815625152
1 0.6274149509653568 0.1585795006549619 0.06716727641194908 0.09544943550244228
