0 0.5343299208504586 0.30214654949217434 0.08253323914385358 0.1360149589459616
0 0.7147203273311855 0.22627213147338096 0.0770377802965907 0.1309066927695372
0 0.8353557514219642 0.19211063061490902 0.0761752886415632 0.12276939501767573
1 0.3950705203098305 0.39892491181325906 0.06447405183490507 0.09416483934965492
1 0.30542971060908713 0.4742992812447073 0.06547209891921613 0.11526538294909444
1 0.18742487235455288 0.5783679824235665 0.07950623581121075 0.11914138680626363
1 0.4964493468491169 0.5115898713447273 0.05651024770908464 0.10082187448454027
4 0.584638113225026 0.5577830071361043 0.1379302302468599 0.37823437901526896
4 0.7423878917840854 0.4937464383523094 0.1418691003608158 0.33360328169182696
2 0.42369299495912055 0.6432023706618202 0.12103753663248795 0.3240200035950042
3 0.599653825594082 0.5963903416202957 0.1984363889180668 0.7621336761376964
3 0.7522716991803104 0.5290252474122447 0.20827720647498926 0.7615004731062696
4 0.8748004996156351 0.47407988712189986 0.14920841646223415 0.39116327565260617
3 0.8847090060411258 0.4709439642274876 0.203796237218015 0.7542786987925246
2 0.3290558081558145 0.72940936140095 0.13838617818815252 0.3474820509775217
3 0.4291554508470825 0.6667786589826429 0.19050550815901396 0.6664426820347142
3 0.33410348982351246 0.701145870944567 0.18791803319393163 0.597708258110866
2 0.21409438244782364 0.8235438761038882 0.15387428938608783 0.34170620550001607
3 0.2234196623097234 0.7474195691545772 0.21919821484937413 0.5051608616908456
3 0.532900125312975 0.717570783272838 0.201747025450497 0.5648584334543242
2 0.5323763590896455 0.7539293125510769 0.12250797416406922 0.2911541674199366
