1 0.5754005760386416 0.29405261823889267 0.10937370386599943 0.10052397538329652
1 0.3482751620798238 0.24550754151304682 0.07226160188511654 0.05723834639364914
1 0.8591397234717236 0.37536232977097217 0.09396718102937962 0.0913692999656765
1 0.45658451495273294 0.31554341464834396 0.0648227692309643 0.06625152484089292
1 0.7271324607306244 0.38414428200488254 0.08313199540298222 0.06889762871537453
4 0.12566129190784323 0.36056075111645824 0.24188825280837348 0.42669852750375803
3 0.1326282305482161 0.46319985542539027 0.2652564610964322 0.9263997108507805
4 0.3158088854556068 0.5464660581269551 0.2111342987049925 0.4534909337835137
4 0.8360981675288695 0.7004683043525946 0.2510786420944986 0.5118928724646926
4 0.5705035437180656 0.6387729883745066 0.2432164452151881 0.4612877055389587
3 0.5617661479391247 0.6211720074498905 0.25470025490538867 0.7576559851002188
3 0.8442361913616196 0.6610903883599164 0.2669100935102614 0.6778192232801671
3 0.7177935659598094 0.6630385394278775 0.2390700461050016 0.673922921144245
3 0.2981574988262593 0.5868405654591458 0.25066920124512915 0.7642830856164986
3 0.43494148211571815 0.6276849667823421 0.2034154673686423 0.7383712315028355
1 0.16531374409342545 0.0575474671979455 0.08349637621411322 0.08341415731422921
