0 0.7159999907016754 0.5465465188026428 0.04000002145767212 0.04804801940917969
0 0.5759999752044678 0.5495495200157166 0.03600001335144043 0.04804801940917969
0 0.3659999966621399 0.5525525808334351 0.039999961853027344 0.04804801940917969
0 0.29600000381469727 0.5570570826530457 0.04799997806549072 0.05105102062225342
0 0.6489999890327454 0.5585585832595825 0.0419999361038208 0.04804801940917969
1 0.5049999952316284 0.5690690875053406 0.04200005531311035 0.04504501819610596
0 0.4300000071525574 0.5960960984230042 0.04400002956390381 0.05705702304840088
2 0.7159999907016754 0.6666666865348816 0.06000000238418579 0.162162184715271
2 0.5040000081062317 0.672672688961029 0.0679999589920044 0.12012016773223877
2 0.5740000009536743 0.6756756901741028 0.06800007820129395 0.1441441774368286
2 0.6459999978542328 0.6771771907806396 0.07199996709823608 0.12912917137145996
2 0.36299997568130493 0.6771771907806396 0.06200003623962402 0.1531531810760498
2 0.2979999780654907 0.6786786913871765 0.0679999589920044 0.15615618228912354
2 0.4269999861717224 0.7102102041244507 0.0700000524520874 0.14114117622375488
3 0.718999981880188 0.7357357144355774 0.0820000171661377 0.42642641067504883
3 0.6430000066757202 0.7372372150421143 0.06200003623962402 0.41741740703582764
3 0.5740000009536743 0.7387387156486511 0.059999942779541016 0.42642641067504883
3 0.29500001668930054 0.7432432174682617 0.0700000524520874 0.42942941188812256
3 0.3659999966621399 0.7462462186813354 0.059999942779541016 0.42942941188812256
3 0.5069999694824219 0.7477477192878723 0.06599998474121094 0.4144144058227539
3 0.43300002813339233 0.7627627849578857 0.06599998474121094 0.3723723888397217
